# Position (bp)	A	C	G	T	N
0.0	26.845367395172214	24.198635047932655	24.16836179196431	24.78742332102929	2.1244390153225164E-4
1.0	27.128020358818894	19.968572925098805	15.13875000661344	37.76455089440186	1.0581506700739117E-4
2.0	28.411501718720345	19.915856513212006	17.92646407558152	33.745755920622535	4.217718635989793E-4
3.0	23.622026541980983	22.32511034619838	15.052199509712674	38.99877060084911	0.0018930012588458372
4.0	34.68945405279003	13.499932363492226	14.326670700389146	37.482265078484566	0.0016778048440323104
5.0	36.44382048350691	14.763271732894466	22.881778246795395	25.907360645234235	0.0037688915689895602
6.0	32.611139167976276	17.497655247696812	20.105898110709948	29.78509835412504	2.0911949192328242E-4
7.0	35.76954018785327	16.65395505312758	20.258167647028095	27.31750127986794	8.358321231180717E-4
8.0	22.696088411403277	27.28068114784479	22.518075371034513	27.505155069717425	0.0
9.0	29.11872117531668	17.959577620568044	15.821699117260376	37.099167344894504	8.347419603914939E-4
10.0	26.745937219057474	16.85842895374135	25.4811613368849	30.912803782959582	0.0016687073567049704
11.0	28.4082486220848	18.515510732987295	19.808931872036062	33.267308772891845	0.0
12.0	26.39312109982367	19.782465515875828	21.255518085146292	32.568791086025854	1.042131283530574E-4
13.0	27.334417441289926	21.693479413581628	18.617731103029495	32.354372042098944	0.0
14.0	31.74880642214164	18.25030809570291	20.554124315444163	29.44655281796883	2.083487424590777E-4
15.0	29.78803640685926	18.8536860538644	19.59467835642011	31.763286659742544	3.1252311368861656E-4
16.0	30.67799806027321	17.49191867315187	19.024427848309614	32.80523872078039	4.166974849181554E-4
17.0	30.05888977205606	18.208638347211096	20.416405796678713	31.31544103782676	6.250462273772331E-4
18.0	31.41128145935793	17.989872167629066	18.468449229057565	32.130292969584204	1.0417437122953884E-4
19.0	30.7111255103242	18.29135279796735	19.468835715974826	31.528269278248704	4.166974849181554E-4
20.0	30.29130279426916	18.10081787298852	19.413310776109483	32.19363098729177	9.375693410658497E-4
21.0	30.3972481298096	17.24325444902696	19.44091698448531	32.91795539045076	6.250462273772331E-4
22.0	29.054023787175925	18.990467003288785	19.731042608359576	32.22446660117571	0.0
23.0	30.056285412775317	17.700996636209553	20.104611903588705	32.1369601293429	0.0011459180835249273
24.0	31.027607250119537	18.10019282676115	18.57314447214325	32.29874292786237	3.1252311368861656E-4
25.0	29.691050067244557	17.97476688380078	19.29653130596117	33.03754756862226	1.0417437122953884E-4
26.0	31.94225822951489	17.80621275115139	19.821986834442963	30.42912548740584	4.166974849181554E-4
27.0	29.3402949593147	18.118006644241397	20.05575412348205	32.4857359242194	2.083487424590777E-4
28.0	30.42902131303461	17.920283687647732	19.88355388783962	31.76672441399312	4.166974849181554E-4
29.0	29.467283517843505	18.517723706649136	19.520818727218366	32.49396569954653	2.083487424590777E-4
30.0	30.139920387789182	18.365918222987116	19.426025337976856	32.066990102124905	0.0011459491219425295
31.0	30.643245732287927	18.19088179588741	19.543964779004085	31.620865898099975	0.0010417947206010738
32.0	29.30130267368983	18.318484131217495	19.702418655820775	32.67727363648486	5.209027870382717E-4
33.0	29.677793069534896	18.5116617301263	19.51473617204373	32.29560066218749	2.0836610758567234E-4
34.0	29.83339532431703	18.112515198209657	19.619156568387517	32.433995230340784	9.376787450107677E-4
35.0	30.37315093044898	17.673151661564525	19.48443820559178	32.469050312238565	2.0889015615583624E-4
36.0	30.855013147938344	17.41558354689153	19.060225500729512	32.66844620214798	7.316022926325559E-4
37.0	29.339093622477257	18.89349739908513	19.184126366604545	32.58244596852966	8.366433034024193E-4
38.0	30.776098282896154	18.45284819864231	19.335263322050643	31.435580870085804	2.093263250879694E-4
39.0	29.725457309083286	18.734734524870277	19.738875203102886	31.79967503537921	0.0012579275643377537
40.0	30.002525996716205	18.60701806087652	19.604365764324506	31.78493242958784	0.0011577484949269567
41.0	29.939523165863907	18.221316867727285	20.544672263788147	31.293430045500408	0.0010576571202534993
42.0	29.316826335932532	18.490051131655257	19.565948588229425	32.62653731846883	6.366257139492121E-4
43.0	29.285023548147905	18.435109347024273	20.364919163947665	31.91452240398558	4.2553689458068125E-4
44.0	29.60175981472043	18.68555574274972	20.014267038875015	31.698097514890822	3.198887640137936E-4
45.0	29.43685423230324	18.54809406353264	19.747186087967613	32.267117519568075	7.480966284353666E-4
46.0	30.199441179304365	17.587329115414676	19.584310199012965	32.62838423740245	5.352688655511663E-4
47.0	29.649793933363927	18.21234512837887	19.902263087697328	32.23516899179593	4.288587639432706E-4
48.0	30.33531609689057	17.890718948634255	19.084027658477925	32.68907833705549	8.589589417625837E-4
49.0	29.53110294868968	17.89305554808628	19.977950706384075	32.59789079683996	0.0
50.0	29.843857218690523	18.544328926982317	19.791572260272495	31.819162663835556	0.0010789302191091489
51.0	30.25271219996661	18.24703951148958	19.42928330264964	32.070639717059485	3.2526883469187283E-4
52.0	29.927024808076226	18.029113754291775	19.785512031148293	32.2583494064837	0.0
53.0	31.409175152537433	17.652145607349414	19.716812491026403	31.221757147914452	1.0960117229413886E-4
54.0	30.200877497206214	18.246106587835047	19.420213263750117	32.13170165094989	0.0011010002587350607
55.0	29.027574753034685	18.464845451791177	18.56889486475788	33.938353210714986	3.3171970127535166E-4
56.0	29.30516881067301	18.22906666637071	20.472143825073054	31.993287748920967	3.3294896225357615E-4
57.0	28.216994729841783	18.73160035839302	19.737660762086026	33.31374414967917	0.0
58.0	30.892451577261543	17.974252663180863	21.86001350423821	29.273059044770456	2.2321054893054246E-4
59.0	29.541577872889096	20.297697928045704	21.062033273043106	29.09857900109239	1.1192492971114414E-4
60.0	31.315842116028218	19.159648377533383	19.544895697771906	29.979276661070013	3.3714759647478476E-4
61.0	29.341939069938743	20.85949662541547	19.64139249344176	30.1549122969544	0.002259514249626615
62.0	31.184594826546107	16.38575308287861	21.737680436895744	30.69106107480178	9.105788777570622E-4
63.0	26.74301119219623	20.31955396549111	25.490031734951156	27.446829030821025	5.740765404769888E-4
64.0	26.43774837884897	19.59680918141273	18.460933297082796	35.50323651740315	0.0012726252523558028
65.0	27.67697681033719	19.263321349131964	18.70503010039683	34.35362253962481	0.0010492005092119804
66.0	26.5887761100167	19.41272334968503	16.959499335333394	37.03466004620401	0.00434115876086903
67.0	33.575979665875295	14.14817796845283	17.88645048869664	34.38714879540617	0.002243081569070975
68.0	34.42932172635814	15.242288430462809	23.035013498012678	27.291342971524397	0.0020333736419755302
69.0	31.784849152169127	17.082996892510216	20.591034769629793	30.54087450145587	2.446842349947393E-4
70.0	33.086773947492745	15.877016794191315	22.095328084543695	28.940749206215145	1.3196755709576357E-4
71.0	26.089815076815526	19.441735048852344	25.916043875563844	28.551906656235953	4.99342532332429E-4
