# Position (bp)	A	C	G	T	N
0.0	25.68641540483486	24.541626487857002	24.506331187567714	25.265626919740424	0.0
1.0	27.72914952474208	21.98078118775387	16.504127092866106	33.78594219463794	0.0
2.0	28.345054954873124	22.19667605289844	18.733722382961236	30.724546609267207	0.0
3.0	21.697419996054244	23.22949043898408	16.754652084736993	38.31843748022469	0.0
4.0	32.782047798592316	14.45324916532983	16.01137459103953	36.75332844503832	0.0
5.0	34.95049151187355	14.56767351046519	25.987378350253014	24.494456627408244	0.0
6.0	28.637186480242004	18.717099778481767	23.27683228925994	29.368881452016293	0.0
7.0	34.43268703999237	18.30703796774885	22.145943000738395	25.114331991520377	0.0
8.0	21.496647452540312	27.139109877807684	22.954380344425125	28.409862325226875	0.0
9.0	26.286532644165494	18.542698830479004	15.428640759354979	39.74212776600052	0.0
10.0	25.75476978777124	17.75100933711264	25.33890205559393	31.155318819522186	0.0
11.0	28.418422337612842	19.879102851154038	19.680584998689945	32.02188981254317	0.0
12.0	25.82488745444585	20.22857466117238	20.609904604244576	33.33663328013719	0.0
13.0	27.150796155586786	22.120188528690186	20.09526177262225	30.633753543100777	0.0
14.0	29.79755198532739	19.845160541171428	19.983981611604698	30.373305861896483	0.0
15.0	30.06410332753734	19.452218755210442	22.622028559178712	27.861649358073503	0.0
16.0	24.964866731772382	20.980813662672986	19.290471738560846	34.763847866993785	0.0
17.0	28.381130457566154	18.196651025415047	20.569709763475693	32.852508753543106	0.0
18.0	32.08247981325775	18.22352202081795	20.184881380558796	29.509116785365503	0.0
19.0	30.844776457137414	19.785687063811544	20.068093037658098	29.301443441392944	0.0
20.0	30.064549936879214	18.37589024128814	18.957003429959745	32.6025563918729	0.0
21.0	29.592856036967348	19.545039063430437	20.017551747135744	30.844553152466474	0.0
22.0	31.078874187170996	19.49010611437963	21.215358002048447	28.21566169640092	0.0
23.0	29.85442024152633	21.99290486625539	20.870277850558562	27.282397041659717	0.0
24.0	31.45625908105662	20.654937712883786	19.164379034371056	28.72442417168854	0.0
25.0	29.04620620251054	22.647708596336614	20.223810828192363	28.082274372960487	0.0
26.0	30.94451921015649	17.92861098539885	22.772238167829837	28.35463163661482	0.0
27.0	26.219987852225902	21.829520282018912	25.91904759069147	26.031444275063713	0.0
28.0	26.506338875259033	20.88598361241455	20.807752542695855	31.799924969630567	0.0
29.0	26.490633113403046	22.745590477097874	17.129775742562465	33.63400066693662	0.0
30.0	26.11443833679809	21.15896814910478	16.635299942436344	36.091293571660785	0.0
31.0	32.51046569734909	17.86208021257559	18.45037359322774	31.177080496847577	0.0
32.0	32.330245810013814	16.670442954838855	24.507683680036735	26.491627555110597	0.0
33.0	28.80271069977337	17.28627952336964	23.732582327512887	30.178427449344102	0.0
34.0	33.95974206571167	17.867101946428907	22.813074397400733	25.360081590458684	0.0
35.0	26.109150544760716	26.307868953493774	23.41584597265432	24.167134529091193	0.0
