# Position (bp)	A	C	G	T	N
0.0	27.387491191290504	24.21862492105253	23.749793570492997	24.644090317163965	0.0
1.0	31.278599582830115	17.98345499751862	20.360042239383873	30.377903180267392	0.0
2.0	32.39163008623451	19.08572031646727	19.97395906836788	28.548690528930347	0.0
3.0	31.40987698644692	23.068073483071387	17.789540330542827	27.73250919993887	0.0
4.0	33.27336844790588	19.236783265055	18.454538633532916	29.035309653506204	0.0
5.0	37.66233534621434	18.590020247704448	18.245107795544556	25.50253661053665	0.0
6.0	30.419498821956974	19.654519288907537	17.276687477384993	32.649294411750496	0.0
7.0	30.719403260830163	23.651367371351796	18.376694524317074	27.252534843500964	0.0
8.0	34.75388483767058	19.958588988409005	18.06834277103332	27.219183402887086	0.0
9.0	34.516040811542545	18.34356032134687	19.04907962939098	28.0913192377196	0.0
10.0	32.5704239700549	22.11752172824701	20.79840028873973	24.513654012958362	0.0
11.0	31.457855233711857	21.263177234715396	18.4267612913879	28.852206240184845	0.0
12.0	31.26057244565066	21.074601964848362	17.357515963231126	30.307309626269856	0.0
13.0	34.905177338231404	19.96506411298375	17.73626133761837	27.39349721116648	0.0
14.0	33.082201994776604	18.50660409272131	17.255125185606833	31.15606872689525	0.0
15.0	33.55135102530374	18.58938667371933	21.005618928969962	26.853643372006967	0.0
16.0	32.515216133449755	20.21655668379315	18.585308328898073	28.682918853859025	0.0
17.0	31.57446339929699	20.698544433464992	18.329532381501583	29.397459785736434	0.0
18.0	32.31313307466218	19.585446358374067	20.539443488155566	27.56197707880818	0.0
19.0	30.366899999652492	18.718919664028302	19.923559604164083	30.990620732155122	0.0
20.0	31.19834028836505	19.987643648377837	17.938017899918187	30.875998163338924	0.0
21.0	31.94787167968196	20.651395620355142	18.172383034563317	29.228349665399577	0.0
22.0	31.05136271255492	23.00436799488896	18.67393045466961	27.27033883788651	0.0
23.0	31.309091414005252	20.22417565633342	18.08927685010871	30.377456079552623	0.0
24.0	33.91770417505792	17.330776144575246	17.607181566956744	31.144338113410086	0.0
25.0	33.99934433850172	20.270521077435706	18.862756865799273	26.867377718263295	0.0
26.0	33.95612895170092	17.347597069868108	20.19252113431621	28.503752844114764	0.0
27.0	32.70547588939568	18.859707930989046	20.885165141283817	27.549651038331458	0.0
28.0	34.65259927282644	17.201531536372254	18.301940535390635	29.84392865541067	0.0
29.0	32.984914091887944	20.41634703365158	18.387178017874803	28.21156085658567	0.0
30.0	34.82646846264986	17.999076840066298	17.621667337758108	29.552787359525734	0.0
31.0	31.096255803997764	20.33492035155891	20.29840795554269	28.270415888900637	0.0
32.0	31.196415520035593	21.5658700192686	16.935338962731	30.302375497964807	0.0
33.0	33.27256190018307	17.296686329259046	20.962041642781855	28.46871012777603	0.0
34.0	30.652319019397638	23.27520494230986	18.392420096338054	27.680055941954446	0.0
35.0	30.58803157887986	20.68112292640437	17.13383360628546	31.59701188843031	0.0
36.0	30.186441484831906	18.34905574437599	21.06037088473164	30.40413188606047	0.0
37.0	30.333526495015185	22.69089415312019	19.14745260386485	27.82812674799977	0.0
38.0	32.30812612486937	19.4925889030575	18.499216354669112	29.700068617404018	0.0
39.0	29.935752119471264	18.382125922482075	19.424171763368857	32.257950194677804	0.0
40.0	31.45872359569041	18.919193470560565	21.162811509479372	28.45927142426965	0.0
41.0	30.25654195995282	18.147815005458988	22.010915539672897	29.584727494915292	0.0
42.0	28.031661876617935	18.898784664853075	22.778114456354874	30.29143900217412	0.0
43.0	28.447307619722928	20.921456286190494	22.701229980523323	27.930006113563255	0.0
44.0	30.026726646613522	19.7266270335625	18.81897347160049	31.427672848223487	0.0
45.0	30.64160315894838	19.788908987151753	18.271650191335326	31.297837662564536	0.0
46.0	29.758574533665712	20.452089447766873	20.693699114609558	29.095636903957857	0.0
47.0	27.79659286341683	20.093383787560803	18.462027698977217	33.64799565004515	0.0
48.0	29.678638708417115	21.368686423627008	19.299486736428772	29.653188131527102	0.0
49.0	31.13607838948913	19.426426202101606	19.527610971417	29.90988443699226	0.0
50.0	29.54085397116569	19.790734451815922	19.68584192027549	30.982569656742903	0.0
51.0	29.973990022280105	22.46585493396514	19.274830916557413	28.28532412719734	0.0
52.0	30.393397469410765	19.1610981202508	19.544945962022535	30.900558448315902	0.0
53.0	29.338841432686507	20.033907162810376	20.487640994693063	30.139610409810057	0.0
54.0	28.88959810904177	20.229375926436138	22.012372013120018	28.868653951402074	0.0
55.0	29.177434726508977	23.371613291647567	18.506781847955203	28.944170133888253	0.0
56.0	31.92049441332218	20.53614837405369	18.543252718566215	29.000104494057915	0.0
57.0	28.105229837686046	21.58803784713843	18.528863300874722	31.7778690143008	0.0
58.0	30.37284316699101	19.62605788981556	22.340196390568178	27.66090255262525	0.0
59.0	29.02946737260009	19.776580249593394	20.863856145616072	30.33009623219044	0.0
60.0	29.732626389352966	21.630153136170776	21.136322084013692	27.50089839046256	0.0
61.0	32.92785603166172	20.660835996126924	18.386634471023605	28.024673501187756	0.0
62.0	30.308246921581333	22.375686062054438	18.287287852397927	29.028779163966302	0.0
63.0	31.69160564037653	18.751093907348267	18.372506842469733	31.184793609805467	0.0
64.0	30.59316713351058	19.11427169807484	19.092539308935443	31.200021859479133	0.0
65.0	32.8682906622907	19.331240938709833	18.053435722593083	29.74703267640639	0.0
66.0	28.80523627034558	21.3473456118575	19.052005603718946	30.79541251407797	0.0
67.0	28.08604636574634	21.108013063009434	22.745625927334128	28.060314643910093	0.0
68.0	27.657696661824083	19.856967387923046	19.558266547365925	32.92706940288695	0.0
69.0	31.084053447420317	21.869785546982463	18.338805429073155	28.70735557652407	0.0
70.0	28.59145131785742	23.96097956870121	19.628410584082655	27.819158529358717	0.0
71.0	28.44514700253476	23.759745788147754	18.687127200810195	29.107980008507294	0.0
72.0	30.47603277560303	18.996551162074685	20.308881857249673	30.21853420507261	0.0
73.0	29.965061274009436	19.91708290478144	22.371024512844244	27.74683130836488	0.0
74.0	29.701436326329183	25.049219500792187	17.85576998000052	27.393574192878106	0.0
75.0	33.32240181150933	18.81789906561516	20.378308737409228	27.48139038546628	0.0
76.0	29.946930282992845	22.126531402679763	20.051211396654892	27.875326917672496	0.0
77.0	32.78654349354726	18.821738800839626	18.932442994528834	29.45927471108427	0.0
78.0	32.54688251112383	17.986354068564978	19.86309533945204	29.60366808085915	0.0
79.0	32.04001908921846	18.816205879978178	21.07448405610445	28.06929097469891	0.0
80.0	33.9769543632717	19.394869494231354	18.318432891440015	28.309743251056936	0.0
81.0	32.984539373028184	17.52206588374326	20.258538824348708	29.23485591887985	0.0
82.0	32.365383293409685	20.385712623802952	19.473946518182444	27.774957564604914	0.0
83.0	34.085368277397215	19.629933883640508	18.185112556808395	28.099585282153882	0.0
84.0	30.44500498979797	18.17680816268534	22.403562111531112	28.97462473598557	0.0
85.0	33.50365653469947	18.38558634361175	18.599067260800854	29.511689860887923	0.0
86.0	32.4435571741122	19.50606146941842	18.44549615040478	29.60488520606461	0.0
87.0	29.56628051549543	21.87471366381239	19.32111320152784	29.23789261916434	0.0
88.0	30.402573552829104	18.593087800766888	20.362271275693455	30.642067370710553	0.0
89.0	30.719751498362186	18.69501692924128	18.882455015531352	31.70277655686518	0.0
90.0	28.851101151842617	21.657793816196932	19.845724898298474	29.645380133661973	0.0
91.0	30.819972558192298	19.465181855995333	18.73706912850653	30.97777645730584	0.0
92.0	30.301900251837345	20.661017190047517	17.962953312293873	31.07412924582127	0.0
93.0	34.755714469872245	18.755809456608024	18.015930632543814	28.47254544097592	0.0
94.0	33.55287496395754	19.949771776444283	17.907592581510357	28.589760678087817	0.0
95.0	30.851855109160365	21.98321910406896	18.12805812977617	29.03686765699451	0.0
96.0	29.67431636920608	19.444715936701826	20.073241396562246	30.807726297529847	0.0
97.0	30.773263451776998	20.269854464440517	20.589543396487603	28.367338687294886	0.0
98.0	31.77014258718433	22.018690946572754	18.421714482047758	27.789451984195157	0.0
99.0	29.324344067525622	18.359631277462608	21.304849407055787	31.01117524795598	0.0
100.0	29.590090248828616	22.676218766864217	19.590373550411442	28.14331743389572	0.0
101.0	28.738384451446798	21.406281611058915	18.623122736128547	31.232211201365732	0.0
102.0	28.982854760539894	18.217589938680145	19.890284364305938	32.90927093647402	0.0
103.0	27.520133973385054	18.49775933135912	22.554647863580097	31.427458831675732	0.0
104.0	28.159503247508244	23.22703368176863	18.582059899959567	30.03140317076356	0.0
105.0	28.43274970099463	21.32475484360689	20.573810210718257	29.668685244680226	0.0
106.0	31.21544167938867	17.452715580018005	22.037482040557794	29.294360700035533	0.0
107.0	29.57569338717151	18.837610858148047	19.453571614680527	32.133124139999914	0.0
108.0	29.612220169804605	19.100052534359165	19.19890751128359	32.08881978455264	0.0
109.0	29.133136316714364	18.40283432054047	20.948002056071854	31.516027306673312	0.0
110.0	31.02591313545035	18.216284707310407	22.316813901735234	28.440988255504013	0.0
111.0	30.367977861968974	19.823516391068203	19.022948705447604	30.785557041515215	0.0
112.0	29.476014791752764	21.075178562379243	19.980571727938525	29.468234917929472	0.0
113.0	30.996018103563667	18.476486196497962	19.979199368966402	30.54829633097197	0.0
114.0	27.484479964849733	17.92907772904571	21.02626434351346	33.5601779625911	0.0
115.0	28.73073110400974	18.51851318596118	24.207197368638916	28.543558341390163	0.0
116.0	31.18255111582885	18.4777357754839	20.13770494170828	30.202008166978977	0.0
117.0	28.885501978300272	19.582782195732204	19.450798926169053	32.080916899798474	0.0
118.0	29.246702375045498	19.35480824484334	23.33288050091499	28.065608879196173	0.0
119.0	30.004204004222945	19.947526449889654	22.4249745537526	27.623294992134795	0.0
120.0	32.959565889025775	18.369993964185554	20.53616446644423	28.134275680344434	0.0
121.0	33.00563970268584	17.88459466057318	19.471672828333254	29.638092808407723	0.0
122.0	33.465119169947826	17.485393838601457	19.906820670982377	29.14266632046834	0.0
123.0	33.59129859817636	19.35056807951047	19.868909269628926	27.189224052684246	0.0
124.0	29.907092737747764	20.33278136258556	22.061903136906263	27.698222762760405	0.0
125.0	31.45177099576743	22.583500408405733	18.165070171530406	27.79965842429643	0.0
126.0	33.31009004539146	17.94165785731154	18.726416816220834	30.021835281076164	0.0
127.0	29.64104633480173	22.886126461390155	18.840154088156062	28.632673115652054	0.0
128.0	32.79283993693411	20.72470298228502	17.933220026644815	28.549237054136057	0.0
129.0	29.494026772877437	22.95285593158494	18.78871274867757	28.764404546860057	0.0
130.0	32.23459540838939	18.82859341059255	18.498571869721903	30.43823931129616	0.0
131.0	31.87713988217481	18.412800417101778	18.9459995665294	30.76406013419401	0.0
132.0	30.7045939541023	18.263373515057683	19.45421832027966	31.57781421056035	0.0
133.0	29.88494775801994	21.089143915716424	20.965134596690998	28.060773729572634	0.0
134.0	30.95820816330912	20.363955326760852	18.747210989506417	29.93062552042361	0.0
135.0	31.149032816860746	17.30289673756135	19.258050235780964	32.290020209796936	0.0
136.0	31.17438322060139	20.639260088871573	19.259346858075233	28.927009832451805	0.0
137.0	30.55936241376367	17.92815514391476	21.286812922451322	30.225669519870245	0.0
138.0	29.56879490096464	18.497639046891802	19.98410447412302	31.94946157802054	0.0
139.0	28.442970670809505	19.859177956601904	22.838328440310995	28.8595229322776	0.0
140.0	29.804037071944705	19.602811812755263	19.2184260131951	31.374725102104932	0.0
141.0	31.88932143933572	18.27029440957916	19.509664530565292	30.33071962051983	0.0
142.0	29.17931830139522	19.816818063681833	23.532040595107542	27.47182303981541	0.0
143.0	31.156318194149314	18.75835832045194	23.443393336892125	26.64193014850662	0.0
144.0	31.698881139611185	17.61237676712241	21.179590512320285	29.509151580946124	0.0
145.0	28.977248873746593	18.834105698277114	21.797484297040253	30.39116113093604	0.0
146.0	29.658492366955723	19.590002058696445	18.227437948203846	32.52406762614398	0.0
147.0	28.710707833798654	22.648875020528823	18.65872885531286	29.981688290359664	0.0
148.0	31.686193502180913	18.579727348235288	19.032986453620516	30.701092695963272	0.0
149.0	33.5828825834265	18.43071881599667	18.985048869012246	29.00134973156458	0.0
150.0	23.90490584844742	22.393497150534138	22.153423331672048	31.54817366934639	0.0
