# Position (bp)	A	C	G	T	N
0.0	21.79159049360146	27.056672760511884	36.89213893967093	14.259597806215721	0.0
1.0	22.888482632541134	20.950639853747717	15.10054844606947	41.06032906764168	0.0
2.0	26.150474799123447	21.548575602629658	17.713659605551495	34.587289992695396	0.0
3.0	16.824817518248175	26.386861313868614	12.226277372262775	44.56204379562044	0.0
4.0	34.17213712618526	11.37855579868709	12.691466083150985	41.75784099197666	0.0
5.0	38.06051768137076	13.780532263944586	23.988333940940578	24.170616113744074	0.0
6.0	35.154826958105645	17.04918032786885	21.092896174863387	26.703096539162114	0.0
7.0	37.923497267759565	18.324225865209474	20.76502732240437	22.987249544626597	0.0
8.0	21.020036429872498	32.09471766848816	21.45719489981785	25.428051001821494	0.0
9.0	29.570284049526585	19.446467589220685	14.202476329206117	36.78077203204661	0.0
10.0	26.620538965768393	16.132556445739258	27.71303714493809	29.533867443554264	0.0
11.0	26.76620538965768	18.24471959213401	20.830298616168974	34.15877640203933	0.0
12.0	24.399126001456665	20.101966496722508	22.578295702840496	32.92061179898034	0.0
13.0	24.544792425345957	23.634377276037874	18.900218499635834	32.92061179898034	0.0
14.0	30.662782228696283	18.536052439912602	19.737800436999272	31.063364894391842	0.0
15.0	29.861616897305172	17.80772032046613	19.992716678805536	32.33794610342316	0.0
16.0	31.646030589949014	16.788055353241077	19.555717407137653	32.01019664967225	0.0
17.0	29.30469603203495	17.983254459410265	19.912631962140516	32.799417546414276	0.0
18.0	30.214779759737898	18.529304696032035	18.383691299599565	32.8722242446305	0.0
19.0	30.26555110949436	19.497999272462714	18.40669334303383	31.829756275009096	0.0
20.0	32.7391778828665	17.606402328119316	17.679156056747907	31.975263732266278	0.0
21.0	31.138595853037472	16.15132775554747	21.353219352491813	31.35685703892325	0.0
22.0	29.21511627906977	17.914244186046513	21.475290697674417	31.3953488372093	0.0
23.0	31.3953488372093	17.441860465116278	20.421511627906977	30.74127906976744	0.0
24.0	30.123546511627907	19.22238372093023	18.75	31.90406976744186	0.0
25.0	29.760174418604652	17.114825581395348	18.93168604651163	34.19331395348838	0.0
26.0	31.90406976744186	18.09593023255814	19.694767441860463	30.305232558139533	0.0
27.0	29.469476744186046	17.914244186046513	19.07703488372093	33.53924418604651	0.0
28.0	28.343023255813954	17.65988372093023	21.656976744186046	32.34011627906977	0.0
29.0	28.851744186046513	17.623546511627907	19.513081395348838	34.01162790697674	0.0
30.0	30.668604651162788	17.478197674418606	18.93168604651163	32.92151162790697	0.0
31.0	30.486918604651166	17.914244186046513	21.111918604651162	30.486918604651166	0.0
32.0	29.941860465116278	17.550872093023255	19.949127906976745	32.55813953488372	0.0
33.0	27.252906976744185	19.22238372093023	21.257267441860463	32.26744186046512	0.0
34.0	28.69596803487105	18.19832909553215	20.523065746458407	32.5826371231384	0.0
35.0	31.420268797675266	16.382128586996004	18.08935706501998	34.10824555030875	0.0
36.0	30.93681917211329	17.538126361655774	18.373275236020334	33.15177923021061	0.0
37.0	27.394775036284468	20.428156748911466	17.561683599419446	34.61538461538461	0.0
38.0	29.157588961510527	18.700072621641247	20.37037037037037	31.77196804647785	0.0
39.0	31.00944081336238	19.35366739288308	19.35366739288308	30.28322440087146	0.0
40.0	30.065359477124183	19.208424110384893	18.736383442265794	31.98983297022513	0.0
41.0	30.21060275962237	18.482207697893973	19.1358024691358	32.17138707334786	0.0
42.0	29.37545388525781	18.264342774146698	20.11619462599855	32.24400871459695	0.0
43.0	28.830791575889613	19.28104575163399	20.62454611474219	31.263616557734203	0.0
44.0	29.048656499636895	19.462599854756718	21.096586782861294	30.392156862745097	0.0
45.0	30.58481656374864	18.779513258263712	19.288049400653833	31.347620777333816	0.0
46.0	31.565564838358156	16.309480566654557	20.30512168543407	31.819832909553213	0.0
47.0	29.313476207773338	19.397021431166	17.61714493280058	33.67235742826008	0.0
48.0	30.548492553577915	17.798764983654195	18.779513258263712	32.87322920450418	0.0
49.0	28.47802397384671	19.50599346167817	19.25172539048311	32.76425717399201	0.0
50.0	28.732292045041774	19.578641482019616	18.1256810751907	33.563385397747915	0.0
51.0	29.85833636033418	19.76026153287323	17.835088993824918	32.546313112967674	0.0
52.0	29.37545388525781	16.775599128540307	19.462599854756718	34.38634713144517	0.0
53.0	32.098765432098766	16.666666666666664	18.700072621641247	32.534495279593315	0.0
54.0	30.137981118373276	18.155410312273055	21.13289760348584	30.57371096586783	0.0
55.0	29.328493647912886	17.93103448275862	18.87477313974592	33.865698729582576	0.0
56.0	31.082062454611474	17.93754538852578	19.1358024691358	31.844589687726945	0.0
57.0	26.143790849673206	18.99055918663762	20.806100217864923	34.059549745824256	0.0
58.0	29.01234567901235	18.30065359477124	19.607843137254903	33.07915758896151	0.0
59.0	29.433139534883722	16.351744186046513	20.348837209302324	33.866279069767444	0.0
60.0	28.6233200145296	17.835088993824918	18.961133309117326	34.58045768252815	0.0
61.0	30.439520523065745	19.10642934980022	18.37994914638576	32.07410098074828	0.0
62.0	29.095532146749004	18.924809298946606	18.5978932074101	33.3817653468943	0.0
63.0	28.69596803487105	18.416273156556485	21.06792589901925	31.819832909553213	0.0
64.0	27.17035960770069	19.50599346167817	19.723937522702506	33.59970940791863	0.0
65.0	30.439520523065745	17.144932800581184	20.41409371594624	32.00145296040683	0.0
66.0	28.768616055212497	17.87141300399564	21.939702143116598	31.420268797675266	0.0
67.0	26.95241554667635	18.34362513621504	20.81365782782419	33.89030148928442	0.0
68.0	30.15988372093023	17.950581395348838	19.84011627906977	32.049418604651166	0.0
69.0	28.888081395348834	17.223837209302324	20.1671511627907	33.72093023255814	0.0
70.0	28.306686046511626	16.896802325581394	22.710755813953487	32.08575581395349	0.0
71.0	28.742732558139533	19.22238372093023	19.98546511627907	32.049418604651166	0.0
72.0	31.577034883720927	15.225290697674417	20.239825581395348	32.957848837209305	0.0
73.0	30.34156976744186	18.75	20.021802325581394	30.886627906976745	0.0
74.0	30.70494186046512	18.6046511627907	18.75	31.940406976744185	0.0
75.0	30.450581395348834	17.1875	18.05959302325581	34.30232558139535	0.0
76.0	28.706395348837212	17.87790697674419	19.367732558139537	34.04796511627907	0.0
77.0	29.723837209302324	18.023255813953487	21.075581395348838	31.177325581395348	0.0
78.0	28.561046511627907	18.24127906976744	18.93168604651163	34.26598837209303	0.0
79.0	29.869186046511626	17.69622093023256	17.51453488372093	34.92005813953488	0.0
80.0	30.486918604651166	18.24127906976744	18.313953488372093	32.957848837209305	0.0
81.0	30.559593023255815	18.05959302325581	17.078488372093023	34.30232558139535	0.0
82.0	31.504360465116278	18.677325581395348	18.822674418604652	30.995639534883722	0.0
83.0	28.452034883720927	20.094476744186046	19.84011627906977	31.613372093023255	0.0
84.0	30.15988372093023	18.459302325581394	18.93168604651163	32.44912790697674	0.0
85.0	29.396802325581394	17.768895348837212	20.348837209302324	32.48546511627907	0.0
86.0	31.213662790697676	16.388081395348838	18.27761627906977	34.12063953488372	0.0
87.0	30.813953488372093	17.69622093023256	20.13081395348837	31.359011627906973	0.0
88.0	30.886627906976745	18.822674418604652	18.56831395348837	31.72238372093023	0.0
89.0	31.75872093023256	19.040697674418606	18.168604651162788	31.031976744186046	0.0
90.0	30.813953488372093	18.6046511627907	19.767441860465116	30.813953488372093	0.0
91.0	29.941860465116278	19.80377906976744	18.93168604651163	31.322674418604652	0.0
92.0	28.997093023255815	18.386627906976745	19.40406976744186	33.212209302325576	0.0
93.0	29.00763358778626	19.01126862958924	20.35623409669211	31.624863685932386	0.0
94.0	30.170846964740093	17.66630316248637	20.029080334423845	32.133769538349696	0.0
95.0	33.078880407124686	19.44747364594693	17.41185023627772	30.061795710650674	0.0
96.0	29.843693202471826	18.72046528535078	19.01126862958924	32.42457288258815	0.0
97.0	29.00763358778626	19.229371137768084	19.374772809887315	32.38822246455834	0.0
98.0	28.280625227190114	18.684114867320975	20.10178117048346	32.93347873500545	0.0
99.0	30.35259905488913	17.8117048346056	19.629225736095965	32.20647037440931	0.0
100.0	30.29861616897305	20.429715950473415	19.30080116533139	29.97086671522214	0.0
101.0	27.997076023391816	19.26169590643275	19.5906432748538	33.150584795321635	0.0
102.0	27.573529411764707	18.125	20.698529411764703	33.602941176470594	0.0
103.0	29.572271386430675	18.805309734513273	18.657817109144542	32.9646017699115	0.0
104.0	31.02810650887574	17.45562130177515	18.34319526627219	33.17307692307692	0.0
105.0	29.341762737076984	18.482707326143547	20.788397173670507	31.38713276310896	0.0
106.0	31.30597014925373	17.574626865671643	19.440298507462686	31.67910447761194	0.0
107.0	30.945236309077266	16.616654163540886	19.129782445611404	33.30832708177044	0.0
108.0	29.720543806646525	17.900302114803626	21.22356495468278	31.155589123867067	0.0
109.0	28.598556779339155	19.027725028484618	19.711355867831372	32.662362324344855	0.0
110.0	30.651925276401066	17.30842546702249	20.243995425085778	31.79565383149066	0.0
111.0	29.973169796857036	17.401303181295518	21.65580682253737	30.969720199310082	0.0
112.0	30.511735282801077	17.352828010773376	18.77645248172374	33.35898422470181	0.0
113.0	29.436728395061728	17.824074074074073	19.984567901234566	32.754629629629626	0.0
114.0	28.554778554778554	18.181818181818183	19.26961926961927	33.99378399378399	0.0
115.0	27.840687231550177	18.7426786411558	20.46075751659508	32.95587661069895	0.0
116.0	30.980392156862745	18.470588235294116	17.92156862745098	32.62745098039216	0.0
117.0	31.916568280204643	16.37150728059819	20.85792994883904	30.853994490358126	0.0
118.0	29.873217115689382	18.264659270998415	18.977812995245642	32.88431061806656	0.0
119.0	30.457256461232607	18.05168986083499	19.16500994035785	32.32604373757455	0.0
120.0	30.64	17.080000000000002	20.36	31.919999999999998	0.0
121.0	29.3124246079614	19.380780056292725	20.26537997587455	31.041415359871333	0.0
122.0	30.7909604519774	19.57223567393059	18.401937046004843	31.234866828087167	0.0
123.0	27.899432278994325	19.383617193836173	18.694241686942416	34.02270884022709	0.0
124.0	30.330207908683242	18.752547900529965	18.30411740725642	32.61312678353037	0.0
125.0	28.173628173628174	18.386568386568385	21.13022113022113	32.30958230958231	0.0
126.0	28.995057660626028	19.110378912685338	18.492586490939043	33.40197693574959	0.0
127.0	31.13598673300166	17.86898839137645	20.190713101160863	30.80431177446103	0.0
128.0	29.86255726780508	18.075801749271136	19.825072886297377	32.23656809662641	0.0
129.0	30.717582878724297	16.659672681493916	21.40159462861939	31.2211498111624	0.0
130.0	31.55012636899747	17.860151642796968	18.197135636057286	32.39258635214827	0.0
131.0	32.401524777636595	16.857263871241	20.372723422278696	30.368487928843713	0.0
132.0	31.053525913338998	18.011894647408667	19.11639762107052	31.818181818181817	0.0
133.0	30.644472897994024	18.01109688433632	19.675629534784463	31.66880068288519	0.0
134.0	32.01885983711959	15.94513501928847	19.888555507929702	32.14744963566224	0.0
135.0	30.905172413793103	16.810344827586206	19.870689655172413	32.41379310344827	0.0
136.0	29.567099567099568	19.437229437229437	21.082251082251084	29.913419913419915	0.0
137.0	31.056981296215746	18.09482383645063	21.052631578947366	29.795563288386255	0.0
138.0	29.694323144104807	19.47598253275109	20.04366812227074	30.786026200873362	0.0
139.0	27.7851166886834	19.06649053280493	20.16732716864817	32.9810656098635	0.0
140.0	28.995130588756084	18.193891102257638	18.813634351482957	33.99734395750332	0.0
141.0	29.175946547884184	18.619153674832962	19.821826280623608	32.38307349665924	0.0
142.0	31.706224809673085	16.077026421854008	20.286609941782356	31.930138826690552	0.0
143.0	33.55825461088619	16.91408007197481	20.647773279352226	28.879892037786774	0.0
144.0	29.741964689904933	19.375282933454052	19.55636034404708	31.326392032593937	0.0
145.0	30.853491556366958	20.12779552715655	19.580100410771337	29.43861250570516	0.0
146.0	30.522456461961507	18.240146654445464	19.752520623281395	31.48487626031164	0.0
147.0	30.5452865064695	18.391866913123845	18.391866913123845	32.670979667282815	0.0
148.0	32.399626517273575	17.88048552754435	19.421101774042953	30.29878618113912	0.0
149.0	28.88052681091251	19.33207902163688	22.013170272812793	29.77422389463782	0.0
150.0	31.477111845210004	19.065596979707408	16.470033034450214	32.98725814063238	0.0
151.0	28.82968601332065	17.74500475737393	20.98001902949572	32.445290199809705	0.0
152.0	28.845232390991853	17.824628653569718	20.747484427407763	32.582654528030666	0.0
153.0	30.858244937319192	19.47926711668274	20.68466730954677	28.977820636451302	0.0
154.0	29.46601941747573	18.398058252427184	19.902912621359224	32.23300970873787	0.0
155.0	31.91800878477306	17.1303074670571	19.228892142508542	31.7227916056613	0.0
156.0	27.962781586679725	18.070519098922624	19.245837414299707	34.720861900097944	0.0
157.0	31.516352824578792	16.74925668979187	19.62338949454906	32.11100099108028	0.0
158.0	31.411530815109344	18.63817097415507	20.278330019880716	29.67196819085487	0.0
159.0	29.064532266133064	17.958979489744873	20.260130065032516	32.716358179089546	0.0
160.0	29.798994974874372	17.78894472361809	20.251256281407034	32.1608040201005	0.0
161.0	29.853015712113535	17.638114546376077	20.07095793208312	32.43791180942727	0.0
162.0	28.440366972477065	18.654434250764528	19.469928644240568	33.43527013251784	0.0
163.0	28.43989769820972	19.641943734015346	18.67007672634271	33.248081841432224	0.0
164.0	32.026817947395564	16.91593604951006	21.660649819494584	29.396596183599794	0.0
165.0	28.185127405096207	17.784711388455538	20.80083203328133	33.229329173166924	0.0
166.0	31.142410015649453	16.275430359937403	20.031298904538342	32.550860719874805	0.0
167.0	27.344573234984193	20.49525816649104	18.493150684931507	33.667017913593256	0.0
168.0	31.279872543813063	17.31279872543813	21.189591078066915	30.21773765268189	0.0
169.0	28.93048128342246	17.647058823529413	19.411764705882355	34.01069518716577	0.0
170.0	30.50755939524838	17.548596112311017	19.9244060475162	32.01943844492441	0.0
171.0	29.31596091205212	17.86102062975027	20.14115092290988	32.68186753528773	0.0
172.0	29.456939111354906	18.32144816236972	19.74766867800329	32.47394404827208	0.0
173.0	30.646051905024844	17.6697956929873	19.271120927664274	32.41303147432358	0.0
174.0	30.444444444444446	18.777777777777775	19.666666666666664	31.11111111111111	0.0
175.0	28.771733034212005	19.854178351093662	18.95681435782389	32.41727425687044	0.0
176.0	29.740406320541762	17.720090293453726	19.977426636568847	32.56207674943566	0.0
177.0	29.88636363636364	19.147727272727273	18.693181818181817	32.27272727272727	0.0
178.0	28.350515463917525	18.098510882016036	19.587628865979383	33.963344788087056	0.0
179.0	28.067129629629626	18.113425925925927	19.502314814814813	34.317129629629626	0.0
180.0	29.122807017543863	17.77777777777778	22.280701754385966	30.818713450292396	0.0
181.0	30.509478672985786	18.009478672985782	20.082938388625593	31.398104265402843	0.0
182.0	29.97601918465228	16.30695443645084	22.60191846522782	31.115107913669064	0.0
183.0	29.72809667673716	16.91842900302115	20.604229607250755	32.74924471299094	0.0
184.0	30.609756097560975	17.865853658536583	19.146341463414636	32.37804878048781	0.0
185.0	30.0982800982801	19.533169533169534	20.76167076167076	29.606879606879605	0.0
186.0	31.323803604723434	19.018023617153514	19.9502796768179	29.70789310130516	0.0
187.0	29.011957205789805	18.376337319068597	19.760855884203902	32.8508495909377	0.0
188.0	29.31803696622052	18.992989165073297	19.88527724665392	31.803696622052264	0.0
189.0	29.884318766066837	18.123393316195372	22.36503856041131	29.62724935732648	0.0
190.0	29.526281635301753	19.662556781310837	19.53277092796885	31.27839065541856	0.0
191.0	31.80628272251309	16.49214659685864	18.39005235602094	33.311518324607334	0.0
192.0	30.566534914361	16.73254281949934	22.06851119894598	30.632411067193676	0.0
193.0	31.091877496671106	15.246338215712383	21.571238348868178	32.090545938748335	0.0
194.0	32.79785809906292	17.402945113788487	21.151271753681392	28.647925033467203	0.0
195.0	30.38487508440243	18.365968939905468	20.86428089128967	30.38487508440243	0.0
196.0	29.903978052126202	17.832647462277095	20.027434842249658	32.23593964334705	0.0
197.0	32.637439109255396	18.232428670842033	18.093249826026444	31.03688239387613	0.0
198.0	28.158080451658435	18.560338743824982	20.112914608327454	33.168666196189136	0.0
199.0	31.40613847251963	16.274089935760173	20.342612419700217	31.977159172019988	0.0
200.0	27.61355443403028	18.457101658255226	23.72025955299207	30.20908435472242	0.0
201.0	31.140350877192986	18.055555555555554	19.298245614035086	31.505847953216374	0.0
202.0	31.088082901554404	18.948926720947444	21.39156180606958	28.57142857142857	0.0
203.0	29.24457741211668	18.025430067314886	18.773373223635005	33.95661929693343	0.0
204.0	28.31926323867997	20.337682271680738	19.87720644666155	31.465848042977747	0.0
205.0	33.17793317793318	16.93861693861694	18.64801864801865	31.23543123543124	0.0
206.0	31.496062992125985	17.559055118110237	19.055118110236222	31.88976377952756	0.0
207.0	29.163346613545816	19.52191235059761	21.274900398406373	30.039840637450197	0.0
208.0	29.435483870967744	17.903225806451616	20.7258064516129	31.93548387096774	0.0
209.0	29.39739413680782	18.15960912052117	20.03257328990228	32.410423452768725	0.0
210.0	27.86479802143446	16.9002473206925	24.07254740313273	31.162407254740316	0.0
211.0	27.629382303839733	21.702838063439064	17.445742904841403	33.2220367278798	0.0
212.0	31.302876480541453	20.473773265651438	18.781725888324875	29.441624365482234	0.0
213.0	31.646655231560892	17.066895368782163	18.95368782161235	32.3327615780446	0.0
214.0	30.668983492615116	19.808861859252826	19.374456993918333	30.14769765421373	0.0
215.0	30.396475770925107	19.20704845814978	19.64757709251101	30.7488986784141	0.0
216.0	29.338103756708406	18.6046511627907	19.67799642218247	32.379248658318424	0.0
217.0	29.673321234119783	21.32486388384755	16.878402903811253	32.12341197822142	0.0
218.0	30.996309963099634	18.634686346863468	19.74169741697417	30.627306273062732	0.0
219.0	31.958762886597935	18.275538894095593	19.212746016869726	30.55295220243674	0.0
220.0	31.644359464627154	17.11281070745698	19.88527724665392	31.35755258126195	0.0
221.0	31.09815354713314	20.796890184645285	18.853255587949466	29.25170068027211	0.0
222.0	32.901296111665005	18.24526420737787	17.24825523429711	31.60518444666002	0.0
223.0	28.68686868686869	20.505050505050505	20.707070707070706	30.1010101010101	0.0
224.0	28.836251287332647	19.979402677651905	20.18537590113285	30.998970133882597	0.0
225.0	30.849947534102835	17.103882476390346	20.146904512067156	31.899265477439663	0.0
226.0	29.581993569131832	20.257234726688104	16.613076098606644	33.547695605573416	0.0
227.0	30.567685589519648	18.66812227074236	19.104803493449783	31.65938864628821	0.0
228.0	27.968923418423973	16.870144284128745	21.75360710321865	33.40732519422864	0.0
229.0	29.491525423728817	18.983050847457626	19.774011299435028	31.751412429378533	0.0
230.0	27.99539170506912	16.589861751152075	19.81566820276498	35.59907834101382	0.0
231.0	27.27272727272727	18.417945690672962	20.543093270365997	33.76623376623377	0.0
232.0	29.975728155339805	20.509708737864077	17.233009708737864	32.28155339805826	0.0
233.0	27.770859277708592	17.932752179327522	23.536737235367372	30.759651307596513	0.0
234.0	30.681818181818183	17.045454545454543	19.570707070707073	32.70202020202021	0.0
235.0	27.849740932642487	17.487046632124354	24.61139896373057	30.05181347150259	0.0
236.0	30.07915567282322	20.71240105540897	18.073878627968337	31.13456464379947	0.0
237.0	29.041095890410958	20.0	22.19178082191781	28.767123287671232	0.0
238.0	29.009762900976288	18.828451882845187	17.99163179916318	34.17015341701534	0.0
239.0	29.942693409742123	20.916905444126073	19.62750716332378	29.512893982808023	0.0
240.0	33.965014577259474	17.05539358600583	18.658892128279884	30.32069970845481	0.0
241.0	34.93975903614458	16.265060240963855	22.289156626506024	26.506024096385545	0.0
242.0	29.503105590062113	18.478260869565215	24.689440993788818	27.32919254658385	0.0
243.0	26.038338658146966	18.370607028753994	17.57188498402556	38.019169329073485	0.0
244.0	26.221498371335507	19.218241042345277	22.475570032573287	32.08469055374593	0.0
245.0	30.485762144053602	18.257956448911223	14.74036850921273	36.515912897822446	0.0
246.0	34.196891191709845	15.716753022452504	17.616580310880828	32.469775474956826	0.0
247.0	32.743362831858406	13.982300884955754	24.778761061946902	28.49557522123894	0.0
248.0	30.79777365491651	20.408163265306122	23.191094619666046	25.60296846011132	0.0
249.0	27.941176470588236	25.42016806722689	20.3781512605042	26.260504201680675	0.0
250.0	25.13089005235602	17.277486910994764	31.93717277486911	25.654450261780106	0.0
