# Position (bp)	A	C	G	T	N
0.0	27.075709029922006	24.027764986451967	24.801384371531192	24.09514161209483	0.0
1.0	27.361596490805233	20.393820346581187	15.788966281844255	36.45513484852137	4.8203224795738837E-4
2.0	28.384329754468784	20.121758153190754	17.83051725626781	33.663394836072655	0.0
3.0	24.093289000993657	22.298020331728196	16.084804708400213	37.52101964381258	0.0028663150653519833
4.0	33.50832102085125	15.39733290259441	14.638155550593613	36.45524036657149	9.501593892375445E-4
5.0	35.51115364933761	15.575308454788395	21.865227526865418	27.043572200216058	0.004738168792525065
6.0	31.812495574385725	17.2804305237567	21.77685462742229	29.130219274435294	0.0
7.0	35.663381706141074	17.20911635345862	19.996236799397888	27.130324340851896	9.408001505280241E-4
8.0	24.30141361010661	26.396468322923027	22.161743295918846	27.14037477105152	0.0
9.0	27.629733520336607	20.10207001364999	16.55870198464259	35.70949448137081	0.0
10.0	26.79496911931472	17.6104253943262	25.207823731736344	30.38022136624774	0.0065603883749918
11.0	27.03167060696145	20.127337843215283	21.187238126448353	31.65375342337492	0.0
12.0	26.721214077535915	21.302027049153484	21.201914305362582	30.77484456794802	0.0
13.0	26.52864708714492	21.675213035978892	19.278178478107428	32.51796139876876	0.0
14.0	30.58836727729969	19.814800099097376	20.34020314961366	29.256162033552872	4.674404364023914E-4
15.0	29.448280052914257	19.003323501502823	20.122375906250145	31.42602053933278	0.0
16.0	30.022296908816394	17.914187284685248	19.72785617792653	32.335659628571825	0.0
17.0	29.74416984915697	18.630773473690116	21.360158181843676	30.26443105487283	4.674404364023914E-4
18.0	32.31649457067933	18.226437496202045	18.57281085957622	30.884257073542404	0.0
19.0	31.393299708784607	19.369329363205892	19.5656543464949	29.671716581514602	0.0
20.0	29.811481271998915	17.717394860959843	21.338188481332764	31.132000504835673	9.348808728047828E-4
21.0	28.731693863909392	18.28580243162515	19.76899093632994	33.21304532769912	4.674404364023914E-4
22.0	28.45730632774119	19.218813542684323	21.231612061833022	31.09226806774147	0.0
23.0	29.94937620073762	17.594925466622417	20.495860814935657	31.958902636831503	9.348808728047828E-4
24.0	30.798715473680765	17.99645680149207	19.502549887580575	31.701342956373786	9.348808728047828E-4
25.0	29.359466369997804	17.82069919740477	19.50535453019899	33.31401246196204	4.674404364023914E-4
26.0	29.84139745992867	17.67766242386564	21.822924213882047	30.658015902323648	0.0
27.0	29.715655982536425	17.972617339235548	20.129854953232584	32.180936844122634	9.348808728047828E-4
28.0	29.663302653659358	17.637462546335033	20.888043341077264	31.810724018491943	4.674404364023914E-4
29.0	30.016500801667846	18.651047777533666	19.363901107376748	31.968550313421744	0.0
30.0	30.071757473762943	17.475632844821543	19.834046233316972	32.61762849730033	9.349507982142439E-4
31.0	30.024076108552862	17.883172436361935	20.0575021621748	32.031041817629315	0.0042074752810827235
32.0	28.40899527794661	19.680209453457383	19.724624807143858	32.18617046145214	0.0
33.0	30.18702950390424	17.54102959741899	20.167858979754055	32.10408191892271	0.0
34.0	29.438721352717543	18.65925340540844	19.187191081640957	32.712496083721845	0.002338076511215753
35.0	30.503410167647033	17.42281388083645	20.115767451896467	31.95800849962005	0.0
36.0	31.085439071675687	17.627646940087967	19.409563956081097	31.87688061249877	4.694196564786954E-4
37.0	28.807682549824754	20.22730048955583	18.815011792563638	32.14953534480329	4.698232524924124E-4
38.0	30.581451134963267	18.38659304064796	20.150419085068155	30.88153673932062	0.0
39.0	31.003006569212353	18.19916871660022	19.177953082440315	31.619400382654263	4.712490928454963E-4
40.0	29.016122697180062	20.19951068773454	20.29462844920191	30.48879172049575	9.464453877350142E-4
41.0	29.645727328926718	17.84155214227971	20.747063578867277	31.765181416139615	4.755337866755433E-4
42.0	28.06549776777197	19.503853932155533	20.870378143244174	31.56027015682833	0.0
43.0	30.259607287759323	19.089221465207075	20.90781214116206	29.743359105871548	0.0
44.0	28.659778986983724	19.881583047678404	20.61749406716686	30.84114389817101	0.0
45.0	30.046948356807512	18.715431449152096	20.124362689271074	31.111815897088434	0.0014416076808857236
46.0	29.42303526296787	18.101817306535082	19.833915031893127	32.641232398603925	0.0
47.0	30.680026423773683	19.686193578251498	18.991364054988452	30.640487200381887	0.0019287426044775758
48.0	29.634547965579515	19.119592826168837	19.28425871377109	31.960151820982585	0.0014486734979670282
49.0	27.824530857032308	19.63580963435868	20.64180692590443	31.897852582704584	0.0
50.0	29.753360619168625	18.80734389851221	19.314588869706903	32.124706612612265	0.0
51.0	30.246164788643192	18.1610472112204	19.327808875183297	32.26497912495311	0.0
52.0	28.760646108663728	18.134116495349975	21.23250122369065	31.872736172295646	0.0
53.0	30.94149234355177	18.395637250563045	20.193943685520114	30.46892672036507	0.0
54.0	29.81225408642335	18.79581953090674	20.06852256851023	31.321429100369762	0.0019747137899200733
55.0	28.976245324614204	19.241039359936586	18.624259988605683	33.157959921726	4.954051175348642E-4
56.0	30.55943395757663	18.402838162150882	21.380125908664045	29.65760197160844	0.0
57.0	27.174313754794998	19.423105664325213	20.222189010113087	33.1803915707667	0.0
58.0	29.839076325084807	17.52923954695564	23.062396019124986	29.569288108834563	0.0
59.0	28.0480348031796	21.036777899179036	22.574954140395544	28.34023315724582	0.0
60.0	30.42294491248201	19.160853942084128	20.651025153244557	29.765175992189306	0.0
61.0	29.47455217802599	20.561617571922156	20.234319275188565	29.726475751091414	0.0030352237718725816
62.0	30.18399971480808	15.617313186561349	22.7394720893873	31.457687195392115	0.0015278138511603746
63.0	25.66003040762656	20.591921433267586	25.63178007889546	28.11626808021039	0.0
64.0	26.68276205081444	20.390537572014754	18.53473287188627	34.39144941352013	5.180917644133129E-4
65.0	27.78389952215578	19.384285975402772	19.259994255424708	33.57182024701674	0.0
66.0	27.186016219168874	18.530190344132105	18.79490734904828	35.48573469473507	0.0031513929156687256
67.0	33.36538613945084	14.577510553650585	18.255305884155522	33.801269079785065	5.283429579808845E-4
68.0	33.954649134576684	15.502482221924058	23.078491882463435	27.46276667113914	0.0016100898966858984
69.0	31.988002293679152	17.022297207886727	20.809073265405143	30.180075867848792	5.513651801861409E-4
70.0	31.56586037458162	16.399814845585965	24.590523892040732	27.443800887791674	0.0
71.0	25.216227658995372	19.905797320591525	26.15145008618865	28.72652493422445	0.0
