# Position (bp)	A	C	G	T	N
0.0	36.6149749849545	11.722117190776956	27.122631473364905	24.52507887490046	0.015197476003185393
1.0	30.771334958390828	15.99324040922271	22.042223127283336	31.187730613286973	0.0054708918161537196
2.0	32.80753100202155	17.62001025857647	21.104305584889723	28.462118697764232	0.006034456748031258
3.0	33.30986335700221	18.165761680291187	22.984664956142968	25.537919923623125	0.001790082940509577
4.0	33.40267914498382	17.53525733582428	21.605247493826653	27.456226684189744	5.893411754999086E-4
5.0	33.31992514734431	18.037507942892788	20.67075907821636	27.97122486693833	5.829646082186351E-4
6.0	27.572486992475557	17.83748823403727	19.73332409380432	34.85670067968285	0.0
7.0	28.030169346805177	20.880034153977515	19.941369005265404	31.148427493951903	0.0
8.0	27.56670134105541	19.717169445303494	20.81756585790998	31.898563355731113	0.0
9.0	31.53873974127139	18.536653220197525	21.092780637084434	28.83182640144665	0.0
10.0	28.929308678847505	22.346604884047785	21.29029778636683	27.433788650737878	0.0
11.0	27.408584883727215	20.564684000800206	20.183506079923006	31.843225035549573	0.0
12.0	29.108119388290188	19.487816101794678	20.91007352075597	30.493990989159165	0.0
13.0	30.788612409227618	19.490666822263833	20.08741731690369	29.63330345160486	0.0
14.0	29.925484508344898	19.39609870937907	19.639403876066762	31.039012906209273	0.0
15.0	28.411453583804487	18.992730778249655	21.25530861624241	31.340507021703445	0.0
16.0	28.498151880854312	20.14681850284306	20.623669328439384	30.731360287863247	0.0
17.0	28.713473300189563	19.133629345010295	20.15962148656451	31.99327586823563	0.0
18.0	28.43708582470837	20.275998826397952	20.508695784138162	30.778219564755517	0.0
19.0	28.059367264657297	19.27226900038661	20.31260198727701	32.35576174767908	0.0
20.0	29.164498699219532	18.12537522513508	20.268160896537925	32.44196517910746	0.0
21.0	29.631349057781105	18.44003494321727	20.754773493073756	31.17384250592787	0.0
22.0	29.040527465512255	19.450290764366155	20.39988828264491	31.109293487476684	0.0
23.0	28.848958462955128	18.91142579826286	19.7775067818123	32.46210895696971	0.0
24.0	28.846765536161584	18.552443242813407	20.394318317363126	32.20647290366188	0.0
25.0	29.440325209716534	18.102711406194093	21.526756251739354	30.93020713235002	0.0
26.0	28.278666089388533	18.383820287345166	19.731466137163274	33.60604748610302	0.0
27.0	28.774524735714607	18.131201406193043	20.553089280274847	32.5411845778175	0.0
28.0	30.155718955066245	17.565558631114758	20.569818252804293	31.7089041610147	0.0
29.0	28.61722985815177	18.87441730188264	20.26489006262129	32.2434627773443	0.0
30.0	29.87419805022038	18.23877270308531	20.687543297758054	31.199485948936257	0.0
31.0	29.559662883424764	18.401366198673095	21.19119225014735	30.84777866775479	0.0
32.0	28.292154094392902	18.605788624445342	20.495663574021783	32.60639370713997	0.0
33.0	30.191284468631775	17.454834206639827	21.000323696615347	31.353557628113048	0.0
34.0	29.107840497467446	18.332935372922773	21.09969162301803	31.45953250659175	0.0
35.0	28.88279482583406	18.82197335294328	20.0884490269075	32.20678279431516	0.0
36.0	28.78530566173264	17.751212128985916	21.012288037761987	32.45068110104923	5.130704702290859E-4
37.0	28.987741885745123	17.959036825739467	21.2463701076761	31.806337213784598	5.13967054711793E-4
38.0	29.218776548365007	18.43569953815499	20.063741819885593	32.28178209359441	0.0
39.0	29.213448297252032	18.530694952753137	20.155904307011557	32.09995244298327	0.0
40.0	29.939390168660207	18.121769247121165	20.442985798945422	31.49585478527321	0.0
41.0	29.627821715852498	18.239176606826643	19.96738831276062	32.16561336456024	0.0
42.0	29.120879120879124	17.782407166293424	20.89630748398521	32.20040622884225	0.0
43.0	29.10712142793787	19.04978060220911	20.673480781170923	31.169617188682103	0.0
44.0	29.823231795279213	18.561706842842508	19.85532395308482	31.75973740879346	0.0
45.0	30.268707073141343	18.527114319692785	19.761417038197372	31.442761568968496	0.0
46.0	28.013195287097297	18.511748112895347	21.55422832259115	31.92030298732475	5.25290091453005E-4
47.0	28.32773666536838	19.63325157636557	19.877469814836257	32.161541943429796	0.0
48.0	29.806909817267147	19.25881693951532	20.5186061996005	30.415667043617034	0.0
49.0	29.000825239636896	19.086840601790136	21.5953574980427	30.31644766076303	5.289997672401024E-4
50.0	28.559224001613124	19.085824657476095	19.70878835153406	32.64616298937672	0.0
51.0	28.96593182108354	19.623249776567224	20.764884878920714	30.64540154062221	5.319828063156998E-4
52.0	28.112044817927174	19.695878351340536	20.032546351874085	32.15953047885821	0.0
53.0	28.48264953885285	18.6457342552714	20.26001645809065	32.6115997477851	0.0
54.0	28.288501488445807	18.804210481228452	20.723663075835777	32.183624954489964	0.0
55.0	28.91638706213931	19.731579653737754	20.609851026707823	30.742182257415113	0.0
56.0	28.601999838288013	18.09826698649705	19.729940975123306	33.569792200091634	0.0
57.0	27.597364014476316	19.197320801598877	21.819802301085723	31.385512882839084	0.0
58.0	28.613863532880902	18.764770928644218	20.423993408642485	32.19683007740509	5.420524273107695E-4
59.0	26.184299970090002	19.288685863447263	20.265383255839247	34.26163091062349	0.0
60.0	27.59449254357527	18.003846719663493	22.177483068440008	32.22417766832123	0.0
61.0	28.270162127887527	18.830011697696538	21.870319554831585	31.029506619584353	0.0
62.0	28.533133469372125	18.4544096810018	20.4287957284549	32.583661121171176	0.0
63.0	28.51574919691704	17.794454616219536	22.034623016960676	31.65517316990275	0.0
64.0	27.689455617656115	19.039629450336662	21.77914447916208	31.491770452845135	0.0
65.0	29.23137267900846	18.65411494329074	19.555717608322144	32.55879476937866	0.0
66.0	29.342401110340045	18.117418459403194	20.441360166551007	32.098265093684944	5.551700208188757E-4
67.0	29.37435611861339	17.3843797856049	21.108172072950023	32.13309202283169	0.0
68.0	29.9154806757074	17.61098751215804	20.06048274397129	32.41304906816327	0.0
69.0	30.068551986660154	18.427065963742116	20.41007674903011	31.093743859235428	5.61441332187993E-4
70.0	30.469913781429153	18.303954317699635	20.221301855279194	31.00483004559202	0.0
71.0	29.607302107117967	18.943664764840197	19.40032975064732	32.048136795526275	5.665818682470523E-4
72.0	29.528316930927645	17.25555859303809	20.631720430107528	32.58440404592673	0.0
73.0	29.603526751209458	18.721552686571435	20.61145621618527	31.063464346033836	0.0
74.0	29.60664552043336	19.40982436345424	20.028092636620595	30.9554374794918	0.0
75.0	29.78450874020494	18.203737191078964	20.794500857792	31.217253210924095	0.0
76.0	30.25615280437118	18.812170176995284	20.667935366366226	30.263741652267313	0.0
77.0	29.397571927098966	18.27763359991526	20.53504699021356	31.789747482772217	0.0
78.0	29.396143015007308	18.18581494551979	21.33936952672917	31.078672512743733	0.0
79.0	29.319066965116207	18.616890403807034	21.199119053762924	30.864923577313835	0.0
80.0	28.634294569138763	18.17147284569381	19.739231495605434	33.453790465121905	0.0012106244400861964
81.0	29.29870416052005	18.14297694176986	21.94051503039132	30.61780386731877	0.0
82.0	29.357752753372107	19.574310110134885	19.921420616260363	31.14527904962257	0.0012374706100730108
83.0	29.63459226607894	18.916549789621318	20.297786014826688	31.1504458024444	6.261270286515728E-4
84.0	28.879110552349026	18.968068016585075	20.89325739248592	31.257024210907293	0.0025398276726924076
85.0	28.064719668289168	18.81840892116717	21.223827551572278	31.89304385897139	0.0
86.0	27.80450813241985	18.64965221484232	20.736363160922547	32.808169028816486	0.001307462998797134
87.0	28.824903034375392	18.18097145252177	21.147487542495227	31.84530739599896	0.001330574608644743
88.0	28.579935713077315	20.026391473523937	20.872948739637962	30.520047369311452	6.767044493317543E-4
89.0	28.857050403794915	19.41382610312089	19.349108759561297	32.379326251144604	6.884823782935276E-4
90.0	28.044884173273132	19.08700872825835	22.20053226225502	30.666170450316336	0.0014043858971568208
91.0	29.220398173725115	19.589517525655154	19.75697376518914	31.43239491047532	7.156249552734403E-4
92.0	28.839624088150888	18.817498740388615	20.78760396357715	31.554542998386236	7.302094971047194E-4
93.0	29.50910093767237	18.377036716805055	21.76249608682041	30.351366258702168	0.0
94.0	29.155755176613884	19.762484774665044	20.68361753958587	30.397381242387333	7.612667478684532E-4
95.0	29.69152571397436	18.734967424554956	19.869853896988428	31.70287457869869	7.78385783562049E-4
96.0	28.303749890505426	18.93499605819537	21.82804175923935	30.932415967892208	7.963241676421638E-4
97.0	27.3822625481996	19.968695737239845	22.234178711470893	30.412417357561527	0.002445645528137152
98.0	28.54300428036383	19.168840288924557	20.350120385232746	31.936363028357412	0.0016720171214553235
99.0	26.61658653846154	19.422218406593405	21.792582417582416	32.166895604395606	0.001717032967032967
100.0	29.30215725735268	19.374713130671186	21.377502383222115	29.944744553896125	8.82674857889348E-4
101.0	28.574403360735882	18.16988375040742	21.636548002752328	31.618259515445622	9.053706587476913E-4
102.0	29.302113056938772	19.53971539939201	20.89371304947873	30.264458494190492	0.0
103.0	29.78572455778726	20.075739418052827	20.388284358372083	29.74929293897704	9.58726810795264E-4
104.0	27.15709933932033	19.70467223167306	20.515686196937928	32.621553190647624	9.890414210547138E-4
105.0	27.29017765979171	19.882581172146214	21.388605268531755	31.438635899530325	0.0
106.0	27.787517715605482	18.8987454726786	20.934334155687363	32.378352842370475	0.0010498136580756915
107.0	28.093001104063386	18.58939666183188	20.38837053233174	32.929231701773	0.0
108.0	27.360596455198895	19.033215768561096	21.823518907094066	31.78155274789053	0.001116121255413188
109.0	28.97775630851333	18.62880408529432	20.931382697306375	31.460906769719138	0.0011501391668391875
110.0	27.575832948394506	19.291949448649163	20.49414300773431	32.63807459522202	0.0
111.0	27.060170244894483	18.952226700926726	22.145231803402464	31.84237125077633	0.0
112.0	27.992635823961127	19.25957468126143	21.283470681061043	31.46306640282544	0.001252410890965108
113.0	26.017837865624838	18.914820336194932	20.93121883514111	34.13483781421889	0.001285148820233383
114.0	25.31798027926676	19.262788696975715	22.848256237178212	32.569651247435644	0.001323539143670174
115.0	27.467490070188806	20.19016268567387	21.836062897872573	30.506284346264756	0.0
116.0	26.81414070703535	18.976548827441373	22.010500525026252	32.19740987049352	0.001400070003500175
117.0	26.028744108036207	18.322200052051706	23.145658020300164	32.503397819611926	0.0
118.0	27.240127369580097	19.251257328214745	22.03374698687617	31.470404428176057	0.004463887152932774
119.0	26.66881058483025	19.341204575733908	20.396318586239108	33.59060351296305	0.00306274023368708
120.0	28.03128048588602	17.685747553261795	23.296724045693427	30.981527519904333	0.0047203952544293045
121.0	27.7118561867503	19.237608716738336	22.056969187493937	30.993565909017427	0.0
122.0	27.387614793164722	19.48287028579969	20.275005397146987	32.84952754205623	0.004981981832372918
123.0	25.883473351246554	19.132002312846502	21.963538655147786	33.02098568075916	0.0
124.0	26.228908102077813	18.716008924836146	21.79960953841863	33.25547343466741	0.0
125.0	26.061388410786	18.326878944348824	20.076735513482504	35.534997131382674	0.0
126.0	25.926198854111014	18.582929570199518	22.29693631289033	33.19393526279914	0.0
127.0	26.060846410968217	19.539969406832476	22.387777840726685	32.01140634147263	0.0
128.0	27.15401655590533	21.839415491041933	19.218063814076405	31.782674594846682	0.005829544129649061
129.0	26.502907559655103	20.23661519951875	21.654301183075997	31.604170844194908	0.0020052135552436337
130.0	27.364537603825305	19.629423524804714	22.628248727302704	30.37366804756899	0.004122096498279025
131.0	27.796265287521994	19.760910574620063	20.22933932469955	32.2134848131584	0.0
132.0	27.119683005319732	19.12257273583047	22.356006042163795	31.399549026905145	0.0021891897808621026
133.0	28.114184894478498	19.0391096835486	22.77138139292904	30.06853808048135	0.006785948562509896
134.0	27.839742393130486	19.091842449131978	20.753220085868957	32.310528280754156	0.004666791114429718
135.0	27.795334475188767	19.156635225436037	21.127542035558346	31.915663522543603	0.004824741273249222
136.0	25.994127308017717	19.429652117652914	22.883591300452892	31.690140845070424	0.002488428806051859
137.0	27.66099776159724	17.58818535003988	21.56070702652636	33.19010986183652	0.0
138.0	26.837478960164578	18.875738064067967	22.199364129418363	32.08741884634909	0.0
139.0	26.94650387233691	20.78935038447758	22.354821817380042	29.909323925805474	0.0
140.0	25.90443686006826	18.85665529010239	22.383390216154723	32.85551763367463	0.0
141.0	26.72472124974258	18.578447236033067	22.27060104145215	32.42328851754876	0.0029419552234414992
142.0	27.282979761033893	19.626310655937576	22.79017312850524	30.300536454523286	0.0
143.0	28.684832257048352	18.365096865648134	21.300992282249172	31.645928492676013	0.0031501023783272954
144.0	25.986745453951876	19.330090431262448	20.991805687049066	33.68809376122229	0.0032646665143155626
145.0	24.978922874582672	20.642093548713454	18.652412909317775	35.72319832731933	0.0033723400667723335
146.0	23.591350894492184	20.992393294830258	18.854768277222146	36.55444428792788	0.007043245527539091
147.0	25.633813242533034	19.582516007254156	18.768274177430698	36.01169547355564	0.003701099226470261
148.0	25.48577308164154	21.413589774031422	18.188293957022438	34.90838576912422	0.003957418180379121
149.0	23.488424365025846	26.743088334457184	13.845808046752078	35.91368846931895	0.008990784445942908
150.0	29.84546317879651	23.974790641457307	11.698178364845031	34.4643011309678	0.0172666839333506
