# Position (bp)	A	C	G	T	N
0.0	26.355961973881637	23.98672300183307	23.61213863666185	26.045176387623442	0.0
1.0	26.618401813822008	20.171096833413095	15.540100143740565	37.670401209024334	0.0
2.0	28.848968697553207	19.342490422048378	18.059693148716654	33.74884773168176	0.0
3.0	23.159145825300957	22.596917137271756	15.10540658115342	39.13853045627386	0.0
4.0	34.221205916138096	13.05731347969092	14.894274835484461	37.82720576868652	0.0
5.0	35.09433737940693	14.78571899891036	23.18354399904411	26.936399622638596	0.0
6.0	31.358258680578466	17.304364129251717	21.0288520993899	30.308525090779913	0.0
7.0	35.19661758850648	16.972333689640706	20.056538382935194	27.774510338917622	0.0
8.0	22.57270804421255	26.91791032443706	22.88694094844338	27.62244068290701	0.0
9.0	27.825584628826277	18.496525557296472	15.475367176708128	38.202522637169125	0.0
10.0	26.74902990354497	16.284507096841537	25.235193181724963	31.73126981788853	0.0
11.0	28.238922579769994	18.187666391203145	19.542692506738273	34.03071852228859	0.0
12.0	26.174681918096383	19.625046232575624	21.160330351740882	33.03994149758711	0.0
13.0	26.561210622358534	20.86635596473639	18.879796730032787	33.69263668287229	0.0
14.0	30.813620809301607	18.246076071445515	20.459628187253852	30.48067493199903	0.0
15.0	29.77607324072195	18.598793025125673	20.01193160087345	31.61320213327893	0.0
16.0	30.154802891404003	17.52895547251624	18.767138449964257	33.549103186115495	0.0
17.0	30.594034651337722	17.7530712637332	19.545141599783243	32.10775248514584	0.0
18.0	31.515048190661183	17.775659985992615	18.96137768379284	31.747914139553362	0.0
19.0	30.094181894140448	18.344788787719153	20.009827283062965	31.55120203507743	0.0
20.0	29.769367956851262	17.965524140983586	19.791822335657237	32.47328556650791	0.0
21.0	29.32658144536198	18.429686717010984	20.04620701470181	32.197524822925224	0.0
22.0	29.874322293749213	19.050401027097312	22.53664931020581	28.538627368947665	0.0
23.0	29.813641852479712	20.375942915683314	21.16704752441276	28.64336770742421	0.0
24.0	32.83922286711043	19.527189509987604	17.924186779248856	29.70940084365311	0.0
25.0	29.60367373467786	21.028638100968497	19.48748091401579	29.880207250337847	0.0
26.0	32.49356786133663	16.668016045601636	22.000393043767314	28.83802304929442	0.0
27.0	26.517031837139594	21.263881810098514	24.822853890081138	27.396232462680757	0.0
28.0	26.663026315742545	19.70063523053634	18.61748222059504	35.01885623312608	0.0
29.0	28.06229066050256	20.03416365909719	17.379192243936327	34.524353436463926	0.0
30.0	26.63987683394055	19.0189828605334	16.107890114284945	38.233250191241105	0.0
31.0	34.37500597504059	14.320308063532366	18.300975700226957	33.00371026120009	0.0
32.0	34.59650287658068	15.54818618447404	22.503100308046125	27.352210630899155	0.0
33.0	31.435224549009327	17.48341042987956	20.999237686549073	30.082127334562042	0.0
34.0	33.67964528106494	16.337258269073843	21.837905506598545	28.145190943262666	0.0
35.0	26.521129525204266	19.90919962067603	25.892563535835006	27.677107318284698	0.0
