# Position (bp)	A	C	G	T	N
0.0	27.22374783330766	24.082995603761326	22.591142721064585	26.10175973484466	3.541070217651881E-4
1.0	27.580106638352063	19.861789922799193	14.997804089508488	37.56012297098753	1.763783527320125E-4
2.0	28.292770379171493	19.80416591235449	17.952161082413074	33.94984805369882	0.0010545723621190578
3.0	24.105148647015234	21.81767858050027	14.990654271094458	39.084416369302566	0.002102132087469716
4.0	34.3838530623081	13.881951018440569	14.570808779093936	37.162513841779294	8.732983781102521E-4
5.0	36.27796176255674	14.917067334941239	21.915987841309203	26.883402480219452	0.0055805809733579575
6.0	32.37106330229068	17.58602018555951	20.11644041917158	29.92630198948067	1.741034975651626E-4
7.0	35.6269304616412	16.74040682305145	20.1148885549712	27.5174263294098	3.4783092634332305E-4
8.0	23.391556813502426	26.4026368234409	22.129439953018117	28.076192660470756	1.737495677979501E-4
9.0	28.901739121377407	18.086306806148205	15.85034320652457	37.16074286765804	8.679982917793618E-4
10.0	27.154379878577622	16.848048568950563	24.367389418907198	31.62827406764961	0.0019080659150043364
11.0	28.488420468728332	18.396200249618637	19.546179448065455	33.569199833587575	0.0
12.0	26.761031895909493	19.51662364212824	21.039172542836848	32.68317191912542	0.0
13.0	27.842714254302052	21.122871048335014	18.132945965271922	32.90146873209101	0.0
14.0	31.415249674067176	18.307815635426174	20.404866570978907	29.871894981240466	1.7313828728143454E-4
15.0	29.915179553060828	18.7505302360048	19.177316114153538	32.15680095849356	1.7313828728143454E-4
16.0	30.69066594179437	17.69317471557708	18.73581348158588	32.88034586104268	0.0
17.0	30.29071649817426	18.15891670836414	20.171476159723532	31.378717495450793	1.7313828728143454E-4
18.0	31.511168285221093	18.041355811300043	18.48164647585673	31.965829427622133	0.0
19.0	30.633010892129654	18.245312713717574	19.501084711369817	31.620591682782955	0.0
20.0	30.473723667830733	18.04222150273645	19.665912360861743	31.81779619199651	3.462765745628691E-4
21.0	30.25227979839778	17.212369691796532	19.360842698671856	33.17364211969742	8.656914364071728E-4
22.0	28.684166330489823	19.025646974495	19.673184168927566	32.61700252608761	0.0
23.0	30.110652679401568	17.542890682216793	19.871946922726654	32.472605194494896	0.00190452116009578
24.0	30.987771242769313	17.95167017848826	18.262107127583874	32.79827831287127	1.7313828728143454E-4
25.0	29.62032504982054	18.01677017450608	19.27790945906405	33.08499531660933	0.0
26.0	31.897266665858687	17.568168872159884	20.012535211999175	30.52150983512041	5.194148618443037E-4
27.0	29.198213905428403	18.256220425816302	19.55302619755425	32.99253947120104	0.0
28.0	30.275826605468055	17.789612741592837	19.94535755653398	31.989029958117847	1.7313828728143454E-4
29.0	29.55037718175884	18.187311387478292	19.580382046944717	32.68175624553087	1.7313828728143454E-4
30.0	30.095347584972238	18.25957328189954	19.19002165967474	32.45315294569845	0.0019045277550292518
31.0	30.672472600723722	18.01946084457295	19.428467545059476	31.877175061031565	0.0024239486122894192
32.0	29.557590154511015	18.357446101211295	19.216225388008947	32.86787265134253	8.657049262073121E-4
33.0	29.765546950344294	18.051551621744693	19.409512827305356	32.77338860060565	0.0
34.0	29.881152735357063	17.794538289458192	19.44652219382631	32.87640161510385	0.001385166254579706
35.0	30.26782218187237	17.59469414769203	19.51612511998115	32.62083877652147	5.197739329907446E-4
36.0	31.025626806596286	17.393579781371525	19.010591766426597	32.57002835099783	1.732946077649848E-4
37.0	29.184851373602566	18.805095762197766	19.216396568160153	32.792789669815406	8.666262241095416E-4
38.0	31.163950170409432	18.08524285511211	19.09313750983798	31.657669464640474	0.0
39.0	30.1268009428121	18.667540797089007	19.3120385449891	31.893446276533933	1.734385758611659E-4
40.0	29.865841144942607	18.473884425801142	19.50850668189923	32.149510642250576	0.0022571051064398683
41.0	29.788991240424107	18.10978853917815	20.338455546630225	31.761895323241912	8.693505256093277E-4
42.0	29.17557759336244	18.358046110021593	19.49435240112134	32.971849882280054	1.7401321456351394E-4
43.0	29.520563809019624	18.231322607216185	20.271246889350564	31.975995973787825	8.707206258043281E-4
44.0	29.60264716029678	18.629965603643853	19.889945600089217	31.87726738897853	1.7424699162568957E-4
45.0	29.505572961070342	18.473672923934704	19.537879223743097	32.48217750835552	6.973828963357759E-4
46.0	30.15202997341743	17.28651963691419	19.671101746356236	32.88982536437657	5.232789355808746E-4
47.0	29.88973673970437	18.261229176227527	19.736233669468472	32.11227693021779	5.234843818434677E-4
48.0	30.586146764488714	17.544603815478716	18.811018770172304	33.05718330461862	0.0010473452416487308
49.0	29.285216537805265	17.839634356132517	20.061860459430054	32.812939349853906	3.492967782611657E-4
50.0	29.989599629432174	18.396594971114936	19.37090867775457	32.24237233326633	5.243884319911902E-4
51.0	30.50369182616733	18.022028421284805	19.233906683798327	32.240022966694795	3.501020547489593E-4
52.0	29.908460841192447	18.031864253441267	19.68311075344039	32.37621349435529	3.5065757060928507E-4
53.0	31.421311507075917	17.707259595376026	19.379700667466246	31.49172823008181	0.0
54.0	30.263690042869857	18.155506085831146	19.109791136947905	32.46995769283521	0.00105504151588365
55.0	29.24881910003363	18.210067271245194	18.33665200114789	34.2042855709253	1.760566479870563E-4
56.0	29.276498995382283	18.009975677676337	20.455074200712044	32.25809862878494	3.524974443935281E-4
57.0	28.415305366404404	18.618177327735243	19.372508203083655	33.5940091027767	0.0
58.0	31.018256108177024	17.677471302118374	22.09344005537398	29.21012623359837	7.063007322572842E-4
59.0	29.62028360692554	20.38475617196079	21.01269493776315	28.982265283350518	0.0
60.0	31.560141718334812	19.039503985828166	19.32666076173605	30.073693534100975	0.0
61.0	29.409435818044305	20.97546772526977	19.385965223751818	30.227000770517243	0.0021304624168675813
62.0	31.360757070376987	16.390132013612735	21.467838933775933	30.7803815626152	8.904196191497205E-4
63.0	26.915026833631483	20.349194991055455	25.11860465116279	27.616815742397137	3.5778175313059033E-4
64.0	26.33662548632718	19.83083803576783	17.927182435307486	35.9048154245836	5.386180138999356E-4
65.0	28.10292506415247	19.28250151370989	18.3443617910792	34.26949081682669	7.208142317561918E-4
66.0	26.832633017769453	19.333591280890424	16.932870956310435	36.8960230272436	0.004881717786086743
67.0	33.73552158599906	13.836098907083985	17.460694963872044	34.96514287789114	0.0025416651537707416
68.0	34.73014347220719	15.097326658387189	23.026729747231357	27.14396567380206	0.0018344483722022372
69.0	31.972342977064912	16.843988907210313	20.382438914705443	30.80047968820267	7.49512816669165E-4
70.0	33.41384635286128	15.6871028248953	22.11527577898873	28.78316866904904	6.063742056497905E-4
71.0	25.8522763370224	19.916138295574388	25.678453895122043	28.552877345904122	2.541263770473056E-4
