# Position (bp)	A	C	G	T	N
0.0	26.24901228920503	23.70517372563811	23.835921603755715	26.20989238140114	0.0
1.0	26.62818623114273	20.594828962183623	15.577366400928994	37.19961840574465	0.0
2.0	28.853639048947215	19.84748439428663	17.497912084258942	33.80096447250721	0.0
3.0	23.44053890769718	22.572681630212085	15.094071465175679	38.89270799691506	0.0
4.0	34.16757777253144	13.227945571516145	14.783001451402466	37.821475204549955	0.0
5.0	35.20001640047516	14.879394751160351	23.42746756163007	26.49312128673442	0.0
6.0	31.33076600244068	17.468452491305843	21.02744083186818	30.173340674385297	0.0
7.0	35.16168225536674	17.219176749577773	20.105310310544834	27.513830684510655	0.0
8.0	22.531180795645078	27.032519807597886	22.768423765450336	27.6678756313067	0.0
9.0	27.35997673409433	18.64276189932912	15.568980761825987	38.42828060475056	0.0
10.0	26.878029202582475	16.751872273845006	24.846553508527098	31.523545015045425	0.0
11.0	27.95042294238327	18.762274700670474	19.10494767208519	34.18235468486107	0.0
12.0	26.196375856427768	20.048189659914392	20.612571228916547	33.14286325474129	0.0
13.0	26.25722730300888	20.93819459016761	18.920139575061068	33.88443853176245	0.0
14.0	30.329295584978617	18.67943320423676	20.303360823230047	30.687910387554574	0.0
15.0	29.61591137360522	18.578905443040295	20.04228150523483	31.76290167811966	0.0
16.0	29.605941362583454	18.009354238693522	18.55787037508633	33.82683402363669	0.0
17.0	30.228755090690175	17.977381444727175	19.75181421094557	32.04204925363708	0.0
18.0	31.692411280908306	17.868602639926497	19.132973207537177	31.306012871628024	0.0
19.0	30.11651288487044	18.575403842745295	19.959019816765714	31.349063455618552	0.0
20.0	29.631993268778256	17.81181304968758	20.187629750207297	32.36856393132687	0.0
21.0	29.139731932761126	18.660142569884304	20.013071792228533	32.18705370512604	0.0
22.0	29.967548441775136	18.730301906704124	22.86297970650732	28.439169945013415	0.0
23.0	29.564024023779307	20.203533382092587	21.313629807251548	28.918812786876565	0.0
24.0	33.13159446833738	19.21838678855122	17.670883187632803	29.979135555478592	0.0
25.0	29.500116635122552	20.96229833328919	19.498616676887096	30.03896835470116	0.0
26.0	31.70287788251736	16.564657622436318	22.595406511601375	29.13705798344494	0.0
27.0	26.189971111160908	21.126822614786278	24.937455052185303	27.745751221867504	0.0
28.0	26.647891298103076	19.783264948140662	18.921145489327632	34.64769826442863	0.0
29.0	28.217359482690124	20.23540431132308	17.218361831690935	34.32887437429586	0.0
30.0	26.7025258801285	19.183356595892352	15.912190006200513	38.201927517778635	0.0
31.0	34.28705751454477	14.36355642720085	18.454495031489497	32.89489102676489	0.0
32.0	34.42944327752477	15.518219279712063	22.671479856011477	27.380857586751695	0.0
33.0	31.29480505347768	17.08015831864626	21.092026077088175	30.533010550787893	0.0
34.0	32.85101187416498	16.533792039169178	21.909992978306665	28.70520310835917	0.0
35.0	26.49454923460533	20.218233307019666	25.484658264391168	27.802559193983832	0.0
