# Position (bp)	A	C	G	T	N
0.0	36.350123864574726	11.853014037985137	28.845582163501238	22.938067712634187	0.013212221304706855
1.0	32.06347633673503	15.9764193005053	22.097823574094257	29.860629479176986	0.0016513094884243206
2.0	34.5877440031077	16.930497555922436	21.465799100061506	27.01272215208313	0.0032371888252241752
3.0	32.91410222103291	18.46873081584788	24.9476616978073	23.66635709675896	0.0031481685529443247
4.0	33.39745351286984	17.668162804189187	23.08784464596501	25.84653903697597	0.0
5.0	34.58043826830572	18.29384167705921	21.340340875348893	25.78537917928618	0.0
6.0	28.046891960344457	18.48469498516535	20.940733772342426	32.52767928214777	0.0
7.0	27.257936673480454	21.304910099703807	22.34922753883164	29.08792568798409	0.0
8.0	27.524696279679457	19.813781267314422	22.808416329950404	29.853106123055717	0.0
9.0	30.792646768135995	20.100151545101138	22.681689398431836	26.425512288331028	0.0
10.0	28.310834995142404	22.52646111366774	22.059876259139948	27.1028276320499	0.0
11.0	27.32100076564005	20.372199856751216	21.889896021141546	30.41690335646719	0.0
12.0	29.312388139118656	20.490494848352924	21.797755526532193	28.399361485996227	0.0
13.0	30.125344221821287	20.54410787199696	21.55896875890229	27.771579147279464	0.0
14.0	30.059793862404316	19.859938112189106	21.471115143900793	28.609152881505786	0.0
15.0	27.640913342001415	19.502041561166997	22.992084673464266	29.86496042336732	0.0
16.0	27.21180969795627	20.95128722585824	22.973831796541383	28.863071279644103	0.0
17.0	27.844094971088136	19.30961976520063	22.01025056947608	30.83603469423515	0.0
18.0	27.7854593395286	21.27078041094569	22.377997148890103	28.565763100635603	0.0
19.0	26.305727774902564	19.783690153043445	22.024947454028876	31.885634618025115	0.0
20.0	27.986194162942446	18.2339858584587	23.078617737773023	30.701202240825832	0.0
21.0	29.169496306666804	18.537711700604934	22.461943518644283	29.830848474083982	0.0
22.0	29.364930294682363	19.174179814675682	21.398906419567577	30.061983471074385	0.0
23.0	28.314192984646112	19.299504847501353	20.925394249573504	31.460907918279034	0.0
24.0	28.010368066355625	18.02903058579575	22.098496630378435	31.862104717470192	0.0
25.0	28.247995768556645	17.606123147447132	24.63882349280758	29.50705759118864	0.0
26.0	26.876598930926182	18.802387736849766	22.293516920069052	32.027496412154996	0.0
27.0	27.750272719644204	18.021523873458083	22.422799362255603	31.80540404464211	0.0
28.0	29.902559137974578	17.167901338496506	22.620801414260463	30.308738109268457	0.0
29.0	28.302541143830002	18.702314143388612	22.62227546923934	30.37286924354205	0.0
30.0	29.203661861269346	18.57874805079082	22.328655231306154	29.888934856633675	0.0
31.0	28.358926168763215	18.34461696174957	24.27225935971638	29.02419750977084	0.0
32.0	28.27746183777312	18.256937614914268	22.33078205840852	31.13481848890409	0.0
33.0	29.347756031538015	17.83143919049563	22.557844759060735	30.26296001890562	0.0
34.0	28.544810477624548	18.13110030223917	23.16408662022944	30.16000259990684	0.0
35.0	28.34644807547087	19.177437536252505	21.980234861501756	30.495879526774868	0.0
36.0	28.007272326593576	18.116908159330062	22.89130075477935	30.984518759297007	0.0
37.0	28.065389076047936	17.424200585408958	23.774230960402054	30.73617937814105	0.0
38.0	28.657847503822374	18.41941988521793	21.73990117219526	31.18283143876443	0.0
39.0	28.95667600165129	18.781170852533275	21.548194182556596	30.713958963258843	0.0
40.0	28.52927978460848	18.074938299304467	22.59030738164685	30.805474534440208	0.0
41.0	28.945146729403287	17.581638281346738	22.07863840516902	31.39457658408096	0.0
42.0	28.17732762332042	17.903836131692838	22.244125710919267	31.67471053406748	0.0
43.0	28.336804725646193	18.98567054779709	22.923709040416114	29.753815686140612	0.0
44.0	28.622025203651447	17.983022381665087	21.97379094450855	31.42116147017492	0.0
45.0	30.044508683781864	18.550255810218644	20.843370729804757	30.560717645169433	0.0011471310253057105
46.0	26.860400701689596	18.824439109962146	23.63470593666328	30.68045425168498	0.0
47.0	27.153325359129493	19.95679994425799	21.71383446946383	31.176040227148683	0.0
48.0	30.300870479640125	19.973126131915638	21.16609218905182	28.559911199392417	0.0
49.0	28.3783941879102	19.04839898452215	23.50924810182856	29.063958725739088	0.0
50.0	28.50235278855566	19.171393865059617	21.159765546684277	31.166487799700448	0.0
51.0	28.35435236108477	21.158496112270058	21.687132562108857	28.800018964536317	0.0
52.0	27.20420746323836	20.42074632383633	21.729019331910173	30.646026881015132	0.0
53.0	27.554312755431276	18.732821873282187	22.105112210511223	31.60655816065582	0.0011950001195000118
54.0	27.30087858274521	19.518459839646646	21.59849248643718	31.582169091170964	0.0
55.0	28.071086840960714	19.912530807519452	22.112550137727734	29.903832213792104	0.0
56.0	27.23051611723844	18.81420998111023	21.111449637438305	32.843824264213026	0.0
57.0	27.249886632431704	19.892637848835072	22.54237495863616	30.31510056009707	0.0
58.0	27.57426352767164	19.090348822876866	21.403919635153457	31.93146801429804	0.0
59.0	24.390213611525084	20.137853949329358	21.977148534525583	33.494783904619965	0.0
60.0	26.726102277396617	18.708520626066168	23.067823834842052	31.49755326169516	0.0
61.0	27.727289820374295	19.534452285746518	23.427805006455497	29.310452887423693	0.0
62.0	27.75198855795047	18.963440644368053	22.123804983313676	31.160765814367803	0.0
63.0	28.319977824816046	18.154671908073784	23.257484124584217	30.267866142525957	0.0
64.0	25.55689381933439	19.538510301109348	24.69350237717908	30.211093502377178	0.0
65.0	28.033162318803495	19.513568147797493	21.128184132751628	31.325085400647385	0.0
66.0	29.098191214470287	18.26485788113695	21.901808785529717	30.735142118863052	0.0
67.0	28.55917778672869	17.21476553668646	23.179969595779788	31.046087080805062	0.0
68.0	29.40598727115581	18.598255676907364	21.457007412063593	30.537440088001887	0.0013095518713496241
69.0	31.163590659522395	18.269497916253226	20.822914599457565	29.743996824766818	0.0
70.0	30.395169262831644	18.653645763753442	20.717663718705747	30.232185320757743	0.0013359339514254416
71.0	29.314077480602958	19.854236422068926	19.887853483399894	30.94383261392822	0.0
72.0	29.78247308036562	16.469120399251402	22.250400065095338	31.49800645528764	0.0
73.0	29.279236146259386	19.21261781322244	21.735086111377097	29.773059929141077	0.0
74.0	30.26838417829757	19.310972582335744	21.703811993159373	28.716831246207313	0.0
75.0	29.0143439191829	18.415471340068095	21.899592565719708	30.670592175029306	0.0
76.0	30.27936274786735	19.333653465905883	22.001581831534942	28.385401954691826	0.0
77.0	29.049273124919594	18.758666037708878	22.87548065240076	29.31658018497077	0.0
78.0	29.00982175336486	18.601673335758456	21.842124408875954	30.546380502000726	0.0
79.0	29.19343854558375	19.546679300032572	22.255944097355876	29.003938057027806	0.0
80.0	27.010840270707316	19.115709408875848	20.78067916392166	33.092771156495175	0.0
81.0	30.292226589877195	18.443184934637536	22.367980010360483	28.896608465124785	0.0
82.0	29.43781256289966	20.171241890782976	20.753402387477358	29.637543158840014	0.0
83.0	30.421253810554248	18.79452227890888	21.286980145630302	29.49724376490657	0.0
84.0	28.82491224680385	19.556886613209674	21.173477602808102	30.443113386790326	0.0016101503880462434
85.0	27.747874889231678	19.421379106632973	22.10443401490039	30.72631198923496	0.0
86.0	26.19745190939378	18.730642380003683	22.614722673318713	32.45383469220337	0.0033483450804439904
87.0	28.83622833038975	18.470824259675233	21.96539721188635	30.727550198048664	0.0
88.0	29.452582883577488	20.754187986262004	21.590032943155535	28.201443891497863	0.0017522955071143198
89.0	28.558101150002692	20.66416692082743	20.845368592906226	29.928775184341305	0.0035881519223523923
90.0	28.21483999704383	20.345872441061267	23.047077082255562	28.38851526125194	0.0036952183874066954
91.0	28.782615262621302	20.63210361363894	21.630857531246463	28.948759581618393	0.00566401087490088
92.0	29.871208171619458	18.397729247523607	22.101218405452897	29.62791326343432	0.0019309119697233001
93.0	28.88463889272265	18.728681559179005	23.906228435103216	28.47847946528914	0.001971647705987894
94.0	28.13768436281799	19.945344210907045	22.947393802998032	28.967568219266166	0.0020094040107704056
95.0	29.530297744854618	18.878378101081402	20.823671844540662	30.76765230952332	0.0
96.0	27.388120764534335	18.800746910601514	23.99555210540671	29.815580219457438	0.0
97.0	26.979251686068988	19.93642338588427	24.38893423257013	28.69109497830663	0.004295717169981528
98.0	26.549374958661286	19.564786030822145	22.09140816191547	31.79002138589413	0.004409462706969155
99.0	25.751986057986105	19.914899395695176	22.936423511305254	31.392164407124913	0.004526627888554421
100.0	29.11477695167286	19.3842936802974	23.025092936802974	28.471189591078065	0.004646840148698885
101.0	28.226513446274136	18.012083876317973	23.435611894325316	30.316313233029263	0.00947755005331122
102.0	29.439762985988004	20.39146166735472	21.367687413487456	28.793802666407636	0.007285266762184608
103.0	29.688939805244942	20.083181829502152	22.718103255049435	27.504794162329095	0.0049809478743804945
104.0	26.99695628820626	19.89155178146661	22.579737575773077	30.529196613550912	0.0025577410031460213
105.0	25.75204266610619	20.103512597535662	23.187872737303945	30.9565719990542	0.0
106.0	25.448674828467645	18.43401049374411	23.54903807345621	32.56827660433203	0.0
107.0	27.27021728926806	19.01488169192965	22.082332477428974	31.629807559568185	0.002760981805129904
108.0	26.881934566145095	19.180654338549076	23.314366998577523	30.623044096728307	0.0
109.0	28.121635384839227	18.769096464426017	22.901207624036083	30.208060526698677	0.0
110.0	27.000895255147718	19.495672933452703	22.494777678304985	31.00268576544315	0.005968367651447329
111.0	26.515776291273408	19.19728763859617	23.974464705702676	30.309416903387397	0.00305446104034943
112.0	27.709259375195643	18.70343705002191	23.65867401239592	29.928629562386526	0.0
113.0	25.935471554028254	18.244877179585085	23.237240677103223	32.58241058928344	0.0
114.0	25.92989289191821	18.886725089256736	24.19019798766634	30.993184031158716	0.0
115.0	27.551966106182974	19.96226664901364	24.394280418376805	28.091486826426586	0.0
116.0	26.236566430484455	18.849374512662305	24.31772722649761	30.596331830355627	0.0
117.0	24.771765364300954	18.636538528804785	25.243974955402425	31.344223302668862	0.003497848822973871
118.0	26.37303467585613	19.04300380501113	24.082848732859503	30.49752315313375	0.0035896331394931437
119.0	26.810500349766208	19.097235006074886	22.333492875814585	31.755090018776922	0.0036817495673944255
120.0	26.853420686019806	17.53078052637524	25.60337362099477	30.008659964607105	0.0037652020030874657
121.0	27.442218798151004	19.252696456086287	23.43990755007704	29.861325115562405	0.003852080123266564
122.0	26.435608588138322	19.185932409624368	22.726380657063235	31.64815323625231	0.003925108921772579
123.0	25.38646375650781	19.042851421706047	24.805766920304364	30.76491790148178	0.0
124.0	25.38622300536819	18.124820718764088	23.763471704298652	32.721386714748185	0.004097856820882678
125.0	25.215816734745445	19.029772181749273	21.68694993051754	34.06325009474881	0.0042110582389354445
126.0	24.77578475336323	18.652983787512937	24.24111762676785	32.330113832355984	0.0
127.0	25.162451703547596	19.441517386722868	24.758517737969793	30.637513171759746	0.0
128.0	25.62237383093119	22.504857000858447	21.781954547508246	30.090814620702115	0.0
129.0	25.233075661747485	21.082220660576247	23.326305926446476	30.353712813305222	0.004684937924572499
130.0	27.10872509189398	19.05591023408783	24.06171406461598	29.773650609402207	0.0
131.0	26.501200960768617	20.596477181745396	22.40792634107286	30.49439551641313	0.0
132.0	26.813289658399626	18.842614256746216	24.016014142359488	30.322882545624708	0.0051993968699630844
133.0	27.790172498231485	18.528595527017465	25.346901017576318	28.334330957174732	0.0
134.0	27.028714107365793	18.908182953126772	23.879241856769948	30.17818635796164	0.005674724775848372
135.0	27.7810791537913	19.330877109579273	23.603517946280007	29.28452579034942	0.0
136.0	24.86775779451117	20.057253096023402	25.31582550252038	29.759163606945048	0.0
137.0	26.53873768030807	16.976698648913256	24.796031590627244	31.688532080151425	0.0
138.0	25.21328986613026	18.193798987306653	24.58209058750087	32.01082055906222	0.0
139.0	25.44089782830491	21.95744060632561	24.588252441335083	28.006121556624397	0.007287567409998542
140.0	24.758842443729904	20.058184045322307	23.21237176542643	31.962945950084215	0.00765579543714592
141.0	25.72235673930589	19.257465698143665	24.82647296206618	30.16949152542373	0.024213075060532687
142.0	26.210924081071795	20.834764685675026	23.531432497423566	29.405702507729302	0.017176228100309172
143.0	26.818714504642564	17.686829532137384	24.05120346164248	31.43423780762643	0.009014693951140358
144.0	24.088914329326464	19.366533104369395	24.136615149780578	32.398397252432744	0.009540164090822362
145.0	23.717434869739478	20.741482965931866	20.741482965931866	34.79959919839679	0.0
146.0	22.265372168284788	19.870550161812297	22.060409924487594	35.80366774541532	0.0
147.0	24.24877707896576	18.996040065222456	21.767994409503842	34.98718844630794	0.0
148.0	24.212271973466002	20.52557724199515	19.747416762342134	35.514734022196706	0.0
149.0	21.825396825396826	27.895355673133448	14.976484420928864	35.30276308054086	0.0
150.0	25.390732108582398	25.198793528927887	13.929256923498768	35.45379764189745	0.027419797093501508
