# Position (bp)	A	C	G	T	N
0.0	30.675552849304538	15.043545702431405	26.92577785580472	27.345345532204263	0.009778060255074036
1.0	27.83905616833946	17.397951757295353	20.293980717584954	34.4625668478907	0.006444508889533339
2.0	29.574187733045605	18.980554880262154	19.24874811704148	32.19251301281133	0.00399625683942707
3.0	31.17357501749312	18.383358302385385	20.288694730328693	30.15315214414111	0.0012198056516922586
4.0	32.08414285366162	18.075472032503395	19.84929076050235	29.99054051958467	5.538337479701993E-4
5.0	32.25830366093578	17.990103545418133	19.893599835354152	29.857218414664104	7.745436278295739E-4
6.0	27.941825030755407	17.978510454627347	17.81989766988424	36.25943525006107	3.3159467193681136E-4
7.0	27.586081245369233	19.693317447470097	19.649149153017746	33.07123131267067	2.2084147226175896E-4
8.0	26.893909737208617	19.431631344414292	19.728927121733577	33.94531125081464	2.20545828871875E-4
9.0	30.627583822107496	17.402819656099748	19.73208641776811	32.23684935036903	6.607536556195998E-4
10.0	28.990544744171316	20.521403020930038	21.169279438228447	29.31800282469718	7.69971973020182E-4
11.0	27.199740696384033	20.188544493643764	20.01428367376089	32.59699163855713	4.3949765418127085E-4
12.0	28.404631255487267	19.028314310798947	20.165276558384548	32.40144863915715	3.292361720807726E-4
13.0	29.19952914768717	18.55022205465219	20.857025739049615	31.393113456117355	1.0960249367593612E-4
14.0	29.050897036735375	18.636228285667993	20.333635483856842	31.979020244085078	2.189496547163945E-4
15.0	29.378267292251873	18.535859437957395	20.791487025959015	31.294058216163673	3.2802766804037367E-4
16.0	29.694095188587244	18.944671538107873	20.70326108442169	30.657862980068302	1.0920881489870335E-4
17.0	29.019396081511537	19.684404590478685	19.970873150935986	31.32521708775145	1.0908932233712963E-4
18.0	28.980801499269976	19.153065004685217	20.171064961101788	31.695068534943015	0.0
19.0	28.498472605975888	18.894288656785964	20.749043609657747	31.858086261292158	1.0886628824744872E-4
20.0	28.427418258020783	18.842735297541783	19.829264232423473	32.90025579899922	3.2641301473972366E-4
21.0	28.724540284257117	18.487913091703913	20.297632640633324	32.48937026283452	5.437205711240878E-4
22.0	29.14656112320735	18.651385910122105	19.820596410406367	32.38102174388029	4.348123838915056E-4
23.0	28.710351781507782	18.370522326434465	18.923141781768557	33.99576680023991	2.1731004928591917E-4
24.0	29.013014065355957	18.251078170189615	19.03748263687141	33.69809931438042	3.258132026025959E-4
25.0	30.18356971762013	18.127211012880064	19.135617476584166	32.55316746257701	4.343303386256485E-4
26.0	29.023723786643334	18.544786205833404	18.778083316054076	33.65308100913756	3.256823316249486E-4
27.0	29.819437933010366	18.328276119532568	18.846803319963186	33.004831484086054	6.511434078241392E-4
28.0	29.931378665003116	18.027285795654883	18.89544061406602	33.14513547967127	7.594456047085627E-4
29.0	29.819189884785203	18.3751492651437	18.72503435403035	33.08040958030058	2.1691574016531148E-4
30.0	30.020646429621493	18.099964305436966	19.398421844638598	32.4804249497401	5.424705628349078E-4
31.0	30.009062935848522	18.266537144469712	19.28245426473541	32.44096881156148	9.768433848708668E-4
32.0	29.813544522110092	18.63555599963508	19.03283823293033	32.51708378767013	9.77457654362285E-4
33.0	30.299673913043478	17.877934782608694	19.895978260869565	31.92554347826087	8.695652173913043E-4
34.0	30.319025705003195	18.620655149647646	19.60706683648886	31.45249093695514	7.613719051591648E-4
35.0	29.612074735718224	18.81899541907966	19.213962392701	32.35431443463346	6.530178676572222E-4
36.0	29.792750910138338	18.264622381072172	19.83660525751225	32.10525914576044	7.623055168050251E-4
37.0	29.699188719440766	18.448814135569393	20.462903937625658	31.388330418389753	7.627889744302238E-4
38.0	30.19548744276428	18.201149130736795	19.4063297060873	32.195616117490935	0.0014176029206982022
39.0	30.01622917737607	18.28549163929971	19.37755047470617	32.31941902382644	0.0013096847916127786
40.0	30.128259048101786	18.23668661030595	19.927180409279746	31.70656304859118	0.0013108837213367081
41.0	30.37636318911089	18.233470904966246	19.55066007051685	31.83841255090606	0.0010932844999590019
42.0	30.26253019852246	18.066047232239768	19.62707013059767	32.04282062952978	0.0015318091103252687
43.0	30.546321722792314	18.25725823052026	19.52791391294065	31.667082736601454	0.001423397145322279
44.0	30.793128274474522	17.974118706790087	18.934503386660033	32.29693463707782	0.0013149949975398635
45.0	30.30284084676977	18.011846001974334	19.486892618185806	32.19622682900077	0.0021937040693210488
46.0	29.94260155068037	18.36091635504476	19.660615748781876	32.03487823140754	9.881140854564978E-4
47.0	29.650855470583	18.846837302891203	19.517301176855863	31.98324774414896	0.0017583055209694418
48.0	29.60253060101774	18.461834685737863	19.703479576399392	32.231164901664144	9.902351808554531E-4
49.0	30.048820026673155	18.565155958675327	19.77282663879678	31.61231634672461	8.810291301269012E-4
50.0	28.94787607546587	19.07073134435301	19.5245627862627	32.45583769215082	9.921017675946493E-4
51.0	29.618785804701524	18.03800995661775	20.10338460995154	32.23926783213465	5.517965945321372E-4
52.0	29.131257153715957	18.602534017438494	20.33124743129118	31.93451946915561	4.419283987608328E-4
53.0	29.897903770072787	18.855230399481503	19.290115434768904	31.95630798974061	4.42405936202852E-4
54.0	28.903127373542105	18.67865533788168	20.08467801759549	32.33320711348493	3.321574957982077E-4
55.0	29.14025323639572	18.979428283865076	19.901658351447246	31.97821674845177	4.433798401837366E-4
56.0	29.770567056306074	18.32477991218685	19.455185548565822	32.449134521045416	3.3296189584064E-4
57.0	29.542669003121325	18.1643422498636	20.336267235890432	31.955388087414814	0.0013334237098292217
58.0	29.30843051263053	18.578211811929414	20.274371588711848	31.837317295133584	0.0016687915946304963
59.0	28.960542732376794	18.381940112289456	20.032862489974157	32.623317886106406	0.0013367792531859906
60.0	29.517994328032504	18.199384607145966	20.243033320019904	32.03847209423231	0.0011156505693164854
61.0	29.369053020735773	18.343909466216353	20.818366931833676	31.46721771336482	0.001452867849375602
62.0	29.24025490821402	18.561749220896207	19.86773419272538	32.32880697808439	0.0014547000800085046
63.0	29.237554076166138	17.946114361284828	20.196243247483917	32.619079640463546	0.0010086746015735325
64.0	28.701776278063996	18.54347218653108	20.66403107055849	32.0897105145921	0.001009950254339139
65.0	28.935528527637693	18.97467705833176	19.709442391880838	32.38023965552889	1.1236662082108538E-4
66.0	29.236301285094836	18.42876848266101	20.13228983602721	32.20162780179251	0.0010125944244300782
67.0	29.40082165046728	19.17424804108703	20.257537617664358	31.165477158973363	0.001915531807969063
68.0	29.498298398598997	18.419383812670386	19.651465092346857	32.430175666648616	6.770297351459675E-4
69.0	29.497720198117833	18.646903108985153	19.93193372863463	31.922877817538993	5.651467233923271E-4
70.0	29.909535563053375	18.600009057765902	20.34215710694957	31.14795860600983	3.396662213265098E-4
71.0	30.046506879615244	18.95212060027904	19.499767465601924	31.5014916230901	1.134314136957089E-4
72.0	29.898370657283397	18.204631624887483	19.95797077730195	31.938913286598837	1.1365392833437894E-4
73.0	29.651823005946653	18.382000357641978	20.473294736854093	31.49265410211931	2.2779743796221526E-4
74.0	29.746049429501547	19.195594902725336	18.893452166250416	32.16467521082646	2.2829069624096538E-4
75.0	29.627299134288776	18.27065974585821	19.90701069354143	32.19457280177192	4.576245396583146E-4
76.0	30.248315798526505	18.790815010176875	19.438121721182238	31.5224034630049	3.440071094802626E-4
77.0	29.751382358213483	18.198062170497742	19.396680501739727	32.65353024181501	3.4472773403565867E-4
78.0	29.758462343120335	17.897933462515926	19.980369161150293	32.363004624306754	2.3040890668669687E-4
79.0	29.844971986368623	18.27412926702478	20.147750245480275	31.73268642060879	4.6208051753017965E-4
80.0	29.39999953675072	18.308769540433556	19.964422455545442	32.326461030312714	3.4743695756405E-4
81.0	29.337869576428883	18.2703811512827	20.324932223510253	32.06635242845427	4.646203238868278E-4
82.0	29.46064759553519	18.694561059257143	20.416901998916988	31.42730708092906	5.822653616159028E-4
83.0	29.86150761819025	18.235083257729407	19.774250762169313	32.128224259344236	9.341025667970908E-4
84.0	29.297023210061596	18.348595920088062	20.586340960723234	31.767454387896105	5.85521230999836E-4
85.0	29.98113477943198	18.111551482317672	20.32651162572154	31.58056717827516	2.349342536491163E-4
86.0	29.81621384739894	18.094354003630723	19.681646241401772	32.40684347489065	9.424326779106739E-4
87.0	30.28534692826029	17.522849262229407	19.679318551922837	32.51165802802654	8.272295609301841E-4
88.0	29.88075720773424	17.829280927673125	20.3263973598017	31.96249761431435	0.0010668904765799758
89.0	29.494492268243544	18.29206796238901	19.230677744767597	32.981691638380724	0.001070386219134224
90.0	29.952000420085835	17.66795079267332	19.771363512681344	32.60749184890276	0.0011934256567421389
91.0	30.004454577677297	18.320288924866123	19.337178001092088	32.33736001609396	7.184802705317712E-4
92.0	29.878500776715594	17.91395697247916	19.28777643085669	32.91796369560438	0.0018021243441769157
93.0	29.71799989146885	17.659586013952282	19.66692995520075	32.954760598368416	7.235410097014791E-4
94.0	29.98503943488765	17.968776477537364	19.92853788315266	32.11716204373908	4.841606832475562E-4
95.0	29.4612545049369	18.298853200418964	19.779558826031064	32.45936139861431	9.720699987606107E-4
96.0	29.31163402296383	18.113809158452376	19.707591139909077	32.8667217200062	2.4395866852237893E-4
97.0	30.160516198545434	18.246443176531088	19.56816122633886	32.02365501873301	0.001224379851605162
98.0	29.440833943731903	18.438051509446023	19.514401309612182	32.605975842964526	7.373942453753091E-4
99.0	29.07173037434844	18.095235744748063	20.034107960827676	32.79818551571631	7.404043595008688E-4
100.0	29.28994595987502	18.734033881002706	19.922495409934363	32.05203808825315	0.0014866609347628404
101.0	29.378300543015136	18.584055383811556	19.500525598840575	32.53649646387052	6.220104622159745E-4
102.0	29.030968581711157	18.80850096374736	19.180508693713218	32.978772574360946	0.0012491864673131623
103.0	29.910819012398026	18.639190208030428	19.489602242006768	31.959635849527622	7.526880371526816E-4
104.0	29.558988597725595	18.987161575683213	19.048008979716272	32.40445508819094	0.0013857586839827712
105.0	29.674991144172864	18.518546632255454	19.486868073478064	32.3188350791964	7.590708972218005E-4
106.0	30.158851188206885	18.68890583301563	19.09759817003431	32.05388232303978	7.624857033930614E-4
107.0	29.899428221360015	18.423014090259343	19.020701449867268	32.656473351031245	3.8288748213191745E-4
108.0	29.012112206185726	18.709749383619865	19.45338012223751	32.82411722697533	6.410609815669325E-4
109.0	29.910352652394696	18.229925291730574	19.415135089190162	32.444071826057616	5.151406269519E-4
110.0	29.09883950371284	18.467922350648696	19.05237565972577	33.38060370649757	2.5877941513264386E-4
111.0	29.169179969840364	17.911055067339195	19.709973480318236	33.20979148250221	0.0
112.0	29.026025179926606	18.216842097012087	20.043869561866142	32.71300187732461	2.6128387055474484E-4
113.0	29.204895776985328	18.243360345361825	19.269572341643514	33.28204023969455	1.3129631477503689E-4
114.0	28.664915938662936	17.58637071445538	20.42268204492069	33.3258993375386	1.319644223917232E-4
115.0	29.357492823093395	18.066710424249656	20.448183728809063	32.127347826375214	2.6519747266808545E-4
116.0	28.503537621124707	18.54529074594563	20.502210263565768	32.44816175637658	7.996129873141401E-4
117.0	28.44706783879879	18.19086712233705	20.69741146713895	32.66398373090619	6.698408190277662E-4
118.0	28.89327318025722	18.161470608039863	21.121944650191907	31.822772877247324	5.386842636859471E-4
119.0	29.03404875248447	18.542001765530987	20.0743851782049	32.34902272985751	5.415739221325015E-4
120.0	29.3664953314907	18.29734478108155	20.399228651487377	31.93665905933042	2.7217660995867E-4
121.0	29.963338182345673	18.21896643507273	20.10748111827439	31.70966686874686	5.473955603483078E-4
122.0	30.006839220521513	18.075220416930993	19.679203402821834	32.23804890937138	6.880503542771274E-4
123.0	30.08907832501207	18.032170016614856	19.626006609974173	32.25219168095047	5.533674484365294E-4
124.0	29.928716635057835	18.113460631351046	19.689959801358324	32.267167213269865	6.957189629334851E-4
125.0	30.035178945247342	18.358539779914697	19.248088526682263	32.358192748155695	0.0
126.0	29.73947139899538	18.126096912529892	19.36603909547555	32.76811110782712	2.814851720648486E-4
127.0	29.300838970587193	18.84109667766515	19.91843852668442	31.939059622541087	5.662025221491349E-4
128.0	29.43625730327959	18.879235830961207	19.512910589203607	32.170884282445215	7.119941103847189E-4
129.0	28.874406717257166	18.839780351077255	19.9662475305255	32.31841930710019	0.0011460940398812073
130.0	28.959081657951025	18.923940429997174	20.49275554504938	31.623934087855954	2.8827914646310316E-4
131.0	28.861361724348	18.989730498099853	19.826810942531402	32.321661686635146	4.3514838559948946E-4
132.0	28.38946632677034	18.782093280821588	20.404431882353453	32.42400851005462	0.0
133.0	28.66242225263269	18.685504190575756	20.726170688875445	31.925462372917192	4.404949989134457E-4
134.0	28.140855020180627	18.92885275604865	20.022936898405206	32.90691195748398	4.433678815439252E-4
135.0	28.568305035586	17.869004856354536	20.645530740798584	32.91641566825075	7.436990101366176E-4
136.0	28.690437518805663	18.81598821586876	20.76324404917839	31.73003082256889	2.993935783071389E-4
137.0	29.2565220994267	18.916687383702097	20.117220753196076	31.709268424977964	3.0133869716214286E-4
138.0	29.689912369836296	18.366997188191007	20.647990026722802	31.294190444702608	9.099705472866194E-4
139.0	29.026851528190978	19.097540759645927	21.575708914841684	30.298830292419265	0.0010685049021478474
140.0	28.847977110438755	19.11530370618507	20.149452116470005	31.8863450920976	9.219748085749804E-4
141.0	29.402555129597484	18.22533285064961	19.46514930707039	32.906343887398556	6.188252839634522E-4
142.0	30.497609548719563	18.28582288695479	21.46467911560313	29.751109546382853	7.78902339666848E-4
143.0	30.608256171266063	18.439524965059427	19.983968904065968	30.96730879937758	9.411602309607207E-4
144.0	30.891002120605904	18.08740941599588	19.188639114591727	31.831843220539852	0.0011061282666337989
145.0	27.861687369444933	18.869771817645464	19.75172611739193	33.515379586369654	0.0014351091480235357
146.0	27.934650416601976	19.156898514723387	19.847946747399472	33.05872535320603	0.0017789680691404025
147.0	27.881240941700035	19.138722808592963	19.658202899316272	33.319027134457365	0.0028062159333639264
148.0	29.31634073901323	18.955819712049607	19.55874585874106	32.16514963406018	0.003944056135922463
149.0	29.919025082474455	20.933515715863624	16.215464965730128	32.927605351513066	0.004388884418728833
150.0	25.810474773420474	25.27831059641826	12.248483280876663	36.65632898911855	0.006402360166051614
