# Position (bp)	A	C	G	T	N
0.0	26.57472613458529	23.244327073552427	24.726134585289515	25.454812206572768	0.0
1.0	26.829683698296837	20.49391727493917	16.277372262773724	36.399026763990264	0.0
2.0	27.023030303030303	19.912727272727274	17.667878787878788	35.39636363636364	0.0
3.0	25.04220732236747	20.770826298779603	16.205199942115673	37.98176643673725	0.0
4.0	31.975071907957815	16.416586768935762	14.803451581975072	36.804889741131355	0.0
5.0	34.23998851729582	14.920338739773218	21.16884359600019	29.66126022678341	0.00956892014736137
6.0	30.572246065808294	17.699093943729135	21.697663328564616	30.021459227467812	0.009537434430138292
7.0	34.39322179117976	18.140276554727848	19.53733012828141	27.926791536758934	0.0023799890520503604
8.0	25.40500736377025	26.419307330514513	20.421397691101713	27.75191220485534	0.0023754097581832868
9.0	27.68405817733172	19.58858281728237	17.320331221676515	35.4070277837094	0.0
10.0	27.322054781537297	17.266135911288032	23.782105961520237	31.627333901999812	0.002369443654629893
11.0	27.970935599157414	19.398357435326975	19.85278454947812	32.77318880026508	0.004733615772407753
12.0	26.610690633869442	20.87038789025544	20.41390728476821	32.100283822138124	0.004730368968779565
13.0	27.42308964604697	21.485279523652	18.819999054865082	32.27163177543594	0.0
14.0	30.76650441850574	19.250035442559426	19.599735362222958	30.383724776711873	0.0
15.0	29.9607769009026	18.276546477009592	19.361088795425545	32.40158782666225	0.0
16.0	29.7622985681206	17.978828977836585	19.354000283540476	32.904872170502344	0.0
17.0	29.495297953782902	18.87434431265063	21.56561599168281	30.062378904588634	0.0023628372950238647
18.0	31.962100089787814	18.423042389301074	18.82472472945513	30.785407116865933	0.0047256745900477294
19.0	30.93426586645244	19.41779689050612	19.28311516468976	30.364822078351683	0.0
20.0	29.644156703369408	18.59316667454279	21.041066112187515	30.721610509900287	0.0
21.0	28.772269741505603	17.796890506119748	19.538301592552337	33.892538159822315	0.0
22.0	28.29025093332073	19.403619866735976	20.31567506261519	31.988091300033076	0.0023628372950238647
23.0	29.580360096403762	17.39993384055574	19.951798119181515	33.06554510656396	0.0023628372950238647
24.0	30.53967203818345	17.94338641841123	19.24058409337933	32.27635745002599	0.0
25.0	28.294976607910776	18.368697131515525	19.443788100751384	33.892538159822315	0.0
26.0	30.10490997589906	17.541704078257172	21.16629648882378	31.18708945701999	0.0
27.0	29.306270970180993	18.614432210198007	19.72969141344927	32.34960540617173	0.0
28.0	28.96129672510751	17.813430367184914	20.95836680686168	32.26454326355087	0.0023628372950238647
29.0	29.0298190066632	18.82708756675015	18.940503756911298	33.20258966967535	0.0
30.0	29.594537120173904	18.030811398327113	19.665894806483625	32.706393837720334	0.0023628372950238647
31.0	31.54860356315864	18.345068758565287	18.841264590520296	31.265063087755777	0.0
32.0	29.471669580832664	18.160767449553425	19.143707764283352	33.22385520533056	0.0
33.0	29.530740513208258	17.640943244648174	20.34166627286045	32.486649969283114	0.0
34.0	28.839110607027248	18.581791545568393	19.6049242692753	32.97417357812906	0.0
35.0	30.44023075468129	17.472101380745226	19.912048420654436	32.17561944391905	0.0
36.0	30.660455437584243	18.534370640119178	18.943460474355035	31.861713447941547	0.0
37.0	28.242667928098392	19.217123935666983	19.45127719962157	33.08893093661305	0.0
38.0	30.577241542465107	18.48355807901585	18.67281760113556	32.266382777383484	0.0
39.0	31.008284023668637	18.471005917159765	18.553846153846155	31.966863905325443	0.0
40.0	28.682409227635535	19.693991141848844	18.876862224959144	32.739631936713955	0.007105468842519126
41.0	29.707946140716864	17.930969087805803	20.889436753271383	31.469277451166317	0.002370567039635881
42.0	28.120479070318982	19.10826514882011	20.450610696074946	32.31827344954346	0.0023716352424997035
43.0	30.88057328619225	17.454856085233608	20.65586218351802	31.008708445056122	0.0
44.0	28.720626631853786	18.82269166864467	20.052219321148826	32.40446237835272	0.0
45.0	30.19898371087999	18.77522913995346	19.78676924538158	31.239017903784966	0.0
46.0	30.338439615247598	17.218857617860113	19.77199857499109	32.6707041919012	0.0
47.0	30.229961514705185	19.164251437259466	19.14287071791704	31.462916330118308	0.0
48.0	29.362136983696946	18.37064499263273	19.140643566709446	33.12657445696088	0.0
49.0	27.90299572039943	20.028530670470758	20.023775558725628	32.044698050404186	0.0
50.0	29.19918157594214	18.238484963837077	18.89036924248192	33.67196421773887	0.0
51.0	30.384661188519708	17.89686792902227	18.82577110872931	32.892699773728715	0.0
52.0	28.172673531655224	19.48893974065599	20.628337147215866	31.71004958047292	0.0
53.0	30.396927627498687	19.245265015982064	18.770573922999855	31.575306521635415	0.011926911883975001
54.0	30.241608174569066	18.98963854271117	18.722246096547774	32.04650718617199	0.0
55.0	28.926804788873756	18.386025282577005	18.684732477835926	34.002437450713316	0.0
56.0	30.377083283517848	17.445780827813778	21.290739102364842	30.886396786303532	0.0
57.0	27.708507837740814	19.51896613617327	19.325116668661003	33.44740935742491	0.0
58.0	29.708235519570735	17.6352225362909	22.428496143343075	30.228045800795282	0.0
59.0	27.194223895991747	21.521264602173236	21.310177744728826	29.959941471371344	0.014392285734846124
60.0	30.259552992069217	18.89209324681567	20.773852439317473	30.074501321797648	0.0
61.0	28.378475984109784	20.931744312026	20.151679306608884	30.538100397255324	0.0
62.0	31.097972972972972	16.447876447876446	21.375482625482626	31.078667953667953	0.0
63.0	25.84514721919302	20.75851205622198	25.425905731249244	27.970434993335758	0.0
64.0	26.000292056074763	21.994256230529597	18.31434968847352	33.68136682242991	0.009735202492211837
65.0	27.44959061468899	19.181229377978738	18.939264328485887	34.42747158743737	0.002444091409018697
66.0	27.39134700284509	18.976258216423037	18.429314235259493	35.19817521828706	0.004905327185323261
67.0	32.29833546734955	15.638235004432188	17.9454348468433	34.11799468137497	0.0
68.0	34.68269972863296	16.555879204321954	22.19981576916374	26.561605297881346	0.0
69.0	31.938398879979633	17.220313096601757	20.577828687794323	30.263459335624283	0.0
70.0	31.23697202413604	17.23532638507954	23.346132748217226	28.181568842567195	0.0
71.0	25.16162851651232	20.66398741918574	23.840643019395422	30.333741044906514	0.0
