# Position (bp)	A	C	G	T	N
0.0	26.05039320984063	24.020589422742475	24.018086893923794	25.910930473493092	0.0
1.0	26.29533487363095	20.03075980635219	15.66472556510229	38.00917975491458	0.0
2.0	28.4763539628154	19.183624252826323	18.353934067712515	33.98608771664576	0.0
3.0	22.724277504797737	22.48104390713078	15.333364027508722	39.461314560562755	0.0
4.0	34.0408124598429	13.164492422822182	14.85420101378524	37.94049410354969	0.0
5.0	34.69752700676671	14.974874131178176	22.923392276338124	27.404206585716988	0.0
6.0	30.685875094839698	17.405390792763406	21.240885710632863	30.667848401764036	0.0
7.0	35.13484964208034	16.962865411379113	20.049407773243093	27.85287717329745	0.0
8.0	22.640768184576306	26.859865809562823	22.48750803385187	28.011857972009004	0.0
9.0	27.4298818180645	18.635064033341532	15.755356355792907	38.17969779280106	0.0
10.0	26.08660715152839	16.541865631025388	25.205893438163983	32.16563377928223	0.0
11.0	28.131060311461344	17.983256062456704	19.543835529507835	34.34184809657412	0.0
12.0	26.003577932720123	19.471090173243837	21.33345377736382	33.19187811667222	0.0
13.0	26.417367035843586	20.863775273789546	18.802013827737454	33.91684386262941	0.0
14.0	30.76406171860771	18.23005545968666	20.077146264064314	30.92873655764132	0.0
15.0	29.86959184240919	18.336592550572192	19.86105211230936	31.932763494709267	0.0
16.0	29.90341018469578	17.412947369639404	18.73784944345412	33.9457930022107	0.0
17.0	30.41311992034729	17.8363418398482	19.497977218783255	32.25256102102125	0.0
18.0	31.304929030040185	17.39864574967163	18.753973688478258	32.54245153180993	0.0
19.0	29.98001365239294	18.12363810329388	19.934236495046783	31.96211174926639	0.0
20.0	29.77231421896326	17.74978710541997	19.70153916029668	32.776359515320095	0.0
21.0	29.139823412909323	18.225079826321128	19.909730835529906	32.72536592523964	0.0
22.0	29.662251612457762	19.152849195337645	22.17337794019688	29.011521252007714	0.0
23.0	29.724553460187153	20.05898653266337	21.09119098702597	29.12526902012351	0.0
24.0	32.4656751142899	19.302198019298807	18.07114118013775	30.160985686273545	0.0
25.0	29.252200886274714	21.060711906703947	19.444376077527288	30.242711129494047	0.0
26.0	32.21203754714047	16.643453696210443	21.74052444506056	29.403984311588527	0.0
27.0	26.186785010465456	21.02029486348339	24.871847507214337	27.921072618836817	0.0
28.0	26.431788390304114	19.51491299759161	18.665410075338272	35.387888536766006	0.0
29.0	27.72518698869214	19.90596585092444	17.523382483455688	34.84546467692773	0.0
30.0	26.571998515692396	18.963629132095914	16.293781476224954	38.17059087598674	0.0
31.0	34.18686769347693	14.325689122956314	18.159060590369073	33.32838259319768	0.0
32.0	34.4111312035958	15.549899671506505	22.377772501386847	27.661196623510847	0.0
33.0	31.206856237288918	17.80678548781543	20.60545559484865	30.380902680047008	0.0
34.0	33.70865273050302	16.599340416938013	21.550742152251086	28.141264700307882	0.0
35.0	26.304902209650677	20.297072777477446	25.349394463635093	28.048630549236787	0.0
