# Position (bp)	A	C	G	T	N
0.0	35.72087020648967	17.26585545722714	21.74594395280236	25.267330383480825	0.0
1.0	23.893805309734514	27.719395280235986	23.68178466076696	24.705014749262535	0.0
2.0	30.388465423822208	22.224263017724308	17.412067223803838	29.975204334649646	0.0
3.0	32.444810845470364	18.723092424658788	21.553540349912982	27.278556379957863	0.0
4.0	34.108598113725854	17.480084241369838	17.663217654060983	30.74809999084333	0.0
5.0	27.67554701089444	21.715645884830177	17.980408312734596	32.62839879154079	0.0
6.0	27.67301354815086	24.652142072500915	19.57158549981692	28.103258879531307	0.0
7.0	34.85541727672035	19.20754026354319	18.164348462664716	27.77269399707174	0.0
8.0	33.80913166803916	17.952237167169915	17.93393723121969	30.30469393357123	0.0
9.0	28.031827327601977	23.40406072800439	18.200109749405524	30.36400219498811	0.0
10.0	26.416301169590646	15.506213450292398	20.476973684210524	37.60051169590643	0.0
11.0	25.326394595088104	18.561124805989227	19.03588058066283	37.07660001825984	0.0
12.0	25.914773245734104	17.684095264166437	19.78282690026462	36.618304589834835	0.0
13.0	27.607585703865787	22.547410649161197	19.84865061998541	29.9963530269876	0.0
14.0	26.16899097621001	18.029350104821802	26.251025430680887	29.550633488287303	0.0
15.0	29.1192276163585	19.13653338191092	20.85800163949358	30.886237362236997	0.0
16.0	25.641959570205792	18.466581679111275	19.31342196321253	36.57803678747041	0.0
17.0	28.237328237328235	21.63072163072163	19.67421967421967	30.45773045773046	0.0
18.0	25.37761601455869	19.717925386715194	19.57233848953594	35.33212010919017	0.0
19.0	26.91223283310596	25.12960436562074	18.55388813096862	29.404274670304687	0.0
20.0	26.856986998818073	17.901627420674608	19.665424129466317	35.575961451041	0.0
21.0	26.808433296982916	18.31152308251545	21.319520174482008	33.56052344601963	0.0
22.0	27.64604342691015	17.979467611519944	24.829653856636686	29.544835104933227	0.0
23.0	26.010720450622333	18.887980376124286	19.86008903425093	35.241210139002455	0.0
24.0	33.663366336633665	15.85975111272595	19.220637660096283	31.2562448905441	0.0
25.0	28.846503178928245	17.60217983651226	22.170753860127157	31.380563124432335	0.0
26.0	33.34846971210608	16.35637090182545	17.26455362818999	33.03060575787848	0.0
27.0	26.664244846063028	17.80038143674507	16.111161565707018	39.42421215148488	0.0
28.0	27.039288630795756	22.25750839306778	15.724525905090282	34.978677071046185	0.0
29.0	29.045718432510885	15.067126269956457	16.191944847605225	39.69521044992743	0.0
30.0	28.05310539237974	17.413840138219513	21.751386741838683	32.781667727562066	0.0
31.0	29.819934521644235	15.032739177882867	17.797380865769373	37.34994543470353	0.0
32.0	28.31954921385077	16.82268472234845	17.4861401435972	37.371625920203584	0.0
33.0	29.197345695845833	23.17062085264976	17.162076174893194	30.469957276611215	0.0
34.0	29.14322018515157	16.345979306589218	20.17607551279724	34.334724995461976	0.0
35.0	25.7991282237559	22.84780239738467	17.789683981111516	33.563385397747915	0.0
36.0	27.996730839084634	15.319651289502362	17.99854703959317	38.685070831819836	0.0
37.0	34.93548973287297	18.208250045429768	17.972015264401236	28.88424495729602	0.0
38.0	32.948659700136304	19.84552476147206	16.065424806905952	31.140390731485688	0.0
39.0	35.90582674302336	18.071084446868465	15.89855467684756	30.12453413326061	0.0
40.0	27.162739925407074	23.423997089056673	18.502683525880105	30.910579459656145	0.0
41.0	27.79701166180758	15.78899416909621	26.503279883381925	29.910714285714285	0.0
42.0	34.77428180574555	17.099863201094394	19.12448700410397	29.00136798905609	0.0
43.0	35.165738288740755	18.317961829969867	17.468724317413937	29.047575563875444	0.0
44.0	30.476190476190478	22.756410256410255	15.943223443223442	30.824175824175825	0.0
45.0	32.31123035645842	16.835952472211577	18.886546569566885	31.96627060176313	0.0
46.0	30.214856922632237	17.371615762597553	18.614510068407363	33.79901724636285	0.0
47.0	30.74840456391414	17.3370721330497	19.11622510152775	32.798298201508416	0.0
48.0	28.495403967102078	17.697145621673922	18.25834542815675	35.549104983067245	0.0
49.0	29.819802363882967	17.574113543886842	19.38577795000969	33.2203061422205	0.0
50.0	27.951153324287652	21.36072882341539	17.774762550881952	32.913355301415	0.0
51.0	29.869122636936503	18.81725642268541	18.11924381968008	33.19437712069801	0.0
52.0	29.074505238649596	18.092743500194025	19.877764842840513	32.954986418315876	0.0
53.0	30.017468944099377	20.040760869565215	19.312888198757765	30.62888198757764	0.0
54.0	28.13289294734797	23.55741208470954	18.03963473868273	30.270060229259766	0.0
55.0	29.740499562639712	18.34969384779862	18.650986490426668	33.258820099135	0.0
56.0	28.132594536794013	18.81986973850491	19.451735199766695	33.59580052493438	0.0
57.0	29.342540361797315	18.30383193931142	19.92802956623225	32.42559813265902	0.0
58.0	30.992217898832685	18.414396887159533	18.492217898832685	32.1011673151751	0.0
59.0	28.201634877384198	19.12222654729467	20.533281432463994	32.142857142857146	0.0
60.0	29.725520731944716	17.47128674323535	19.593147751605997	33.21004477321394	0.0
61.0	30.16846820527802	17.275294575908074	20.34277923848476	32.213457980329146	0.0
62.0	28.141437755698423	19.939606467952466	21.157218001168907	30.761737775180208	0.0
63.0	33.092894044253825	17.876986061019593	19.29037917925724	29.739740715469342	0.0
64.0	27.26120857699805	19.269005847953217	21.705653021442494	31.764132553606238	0.0
65.0	30.55609756097561	19.24878048780488	18.95609756097561	31.2390243902439	0.0
66.0	29.287804878048778	17.336585365853658	21.853658536585368	31.521951219512196	0.0
67.0	28.327478532396565	18.628024980484	19.711163153786103	33.33333333333333	0.0
68.0	26.581413510347517	19.933619679812573	19.923857868020303	33.5611089418196	0.0
69.0	27.294025771183133	21.241702459976572	21.3881296368606	30.076142131979694	0.0
70.0	26.666666666666668	20.70278184480234	18.81893606637384	33.811615422157146	0.0
71.0	28.73596876525134	18.62371888726208	19.814543679843826	32.82576866764275	0.0
72.0	28.24367860978229	18.52972761886166	21.86859318559016	31.35800058576589	0.0
73.0	28.68580355399336	18.062878344073425	21.109158367506346	32.14215973442687	0.0
74.0	30.10448198418123	18.03534811053608	21.22839566448589	30.6317742407968	0.0
75.0	29.98046875	18.271484375	21.875	29.873046874999996	0.0
76.0	29.520367295105988	19.234150630067404	19.74211194685943	31.50337012796718	0.0
77.0	29.119859333789194	19.370909446126795	18.394060759988278	33.11517046009573	0.0
78.0	28.86305919124829	18.421566712248485	19.662043367845282	33.05333072865794	0.0
79.0	28.934258083422876	20.728729119859334	17.86656246947348	32.47045032724431	0.0
80.0	28.956623681125436	17.672919109026964	20.974990230558813	32.395466979288784	0.0
81.0	26.270027354435328	18.063696756545525	19.919890582258695	35.74638530676045	0.0
82.0	29.548563611491108	17.275747508305646	20.37326558530389	32.802423294899356	0.0
83.0	29.414638913319653	17.854001759014952	22.075637642919965	30.65572168474543	0.0
84.0	27.605083088954057	17.282502443792765	21.006842619745846	34.105571847507335	0.0
85.0	29.029420389013783	17.290587430358713	21.405532206040466	32.27445997458704	0.0
86.0	30.311919428962554	17.356018382712428	20.91522440598416	31.416837782340863	0.0
87.0	32.37163814180929	17.9559902200489	20.95843520782396	28.713936430317847	0.0
88.0	31.980043044414007	19.46781451770691	16.572099393465077	31.980043044414007	0.0
89.0	32.3647392623031	17.385774386067897	17.082477252714998	33.167009098914	0.0
90.0	30.146771037181995	17.025440313111545	19.227005870841488	33.60078277886497	0.0
91.0	29.496966138187513	18.986102955568605	16.872186337835192	34.64474456840869	0.0
92.0	29.688723570869225	17.36491777603759	18.549334377447142	34.39702427564605	0.0
93.0	32.32471602036819	17.215041128084607	19.134351743047397	31.325891108499803	0.0
94.0	29.905992949471212	16.784175479827653	19.124559341950647	34.18527222875049	0.0
95.0	30.88148873653281	16.934378060724782	20.166503428011755	32.01762977473066	0.0
96.0	30.694621338297246	16.596453414323502	20.18222788282551	32.52669736455373	0.0
97.0	30.528068972273932	18.10522190653473	20.564318604879002	30.802390516312332	0.0
98.0	32.63446654256882	19.280885666699323	18.555893014597824	29.528754776134026	0.0
99.0	30.403684107387814	18.949637468155984	20.076425631981188	30.570252792475017	0.0
100.0	31.656163844033085	15.941315478534857	18.85584875935408	33.54667191807798	0.0
101.0	32.0486214052772	18.11443818559146	19.241031722502225	30.595908686629116	0.0
102.0	31.857440683013998	17.244117939044973	19.5572322049042	31.341209173036834	0.0
103.0	30.045825861725444	20.0139470013947	19.83462841203427	30.10559872484559	0.0
104.0	28.264561894295138	17.803976421220902	19.772205015486062	34.1592566689979	0.0
105.0	29.585798816568047	17.841741049042223	20.268779460435262	32.30368067395447	0.0
106.0	32.34256926952141	18.80100755667506	17.612090680100756	31.24433249370277	0.0
107.0	29.836264402668284	18.273701233070547	19.39559328886194	32.49444107539923	0.0
108.0	32.863802188893395	18.483988650182408	17.014592622618565	31.637616538305636	0.0
109.0	28.894088920541254	17.143147827856346	20.378471868959203	33.5842913826432	0.0
110.0	27.39334558073076	18.422126964686672	20.28985507246377	33.8946723821188	0.0
111.0	31.05990783410138	18.617511520737327	19.795186891961087	30.527393753200204	0.0
112.0	28.270475798992912	18.569520090432636	20.121261946357002	33.03874216421745	0.0
113.0	29.038580565298123	18.238085413657934	17.474726635031978	35.24860738601197	0.0
114.0	30.77242094349404	16.537065837221355	19.927423535510627	32.76308968377398	0.0
115.0	26.84626586228417	20.230913251508216	18.306636155606405	34.616184730601205	0.0
116.0	29.722106142916843	17.948182198077728	18.261596322607605	34.068115336397824	0.0
117.0	29.156171284634762	18.545340050377835	20.445004198152812	31.85348446683459	0.0
118.0	30.123404704145134	17.318848222761314	21.411243539711002	31.146503533382553	0.0
119.0	25.066130568193838	19.997883821817798	24.27256374986774	30.66342186012062	0.0
120.0	26.14143130176258	20.959864090040348	20.84306646846464	32.05563813973243	0.0
121.0	30.625066553082743	18.027899052284102	19.348312213821746	31.998722180811416	0.0
122.0	26.512721830233055	18.505452212957024	20.48321573658328	34.49861022022664	0.0
123.0	30.22284122562674	17.152346260981357	18.952217698735804	33.6725948146561	0.0
124.0	31.492842535787318	17.081046173716498	20.030136691421806	31.39597459907437	0.0
125.0	27.60968229954614	17.851739788199698	19.278149989193864	35.2604279230603	0.0
126.0	30.581471034931656	18.268604903449774	18.38793664569321	32.76198741592536	0.0
127.0	29.619151251360176	17.932535364526657	20.729053318824807	31.719260065288356	0.0
128.0	29.776078645548882	18.84216275259421	19.53031130529765	31.85144729655926	0.0
129.0	30.757409440175632	18.079034028540068	18.276619099890233	32.88693743139407	0.0
130.0	29.651291105716176	19.344515559479145	17.490620172147427	33.51357316265725	0.0
131.0	30.242605516782984	19.607843137254903	19.84047856430708	30.309072781655033	0.0
132.0	30.110159118727047	16.846556136641816	22.087459663959052	30.955825080672085	0.0
133.0	28.87127386401697	19.67176509992185	19.23635145696104	32.22060957910015	0.0
134.0	27.377747868999553	19.593988335576494	19.863167339614176	33.16509645580978	0.0
135.0	28.452354133813923	16.569047082676278	21.941878801531878	33.036719981977924	0.0
136.0	27.252150294250793	18.345405160706203	20.529651425984607	33.8727931190584	0.0
137.0	30.030678332007728	16.62311101011249	18.50926031132826	34.836950346551525	0.0
138.0	28.86656774340829	18.593767834722065	19.32427805045086	33.21538637141879	0.0
139.0	29.697178251892637	18.90341821518697	18.719889883000686	32.679513649919706	0.0
140.0	29.20078422327298	18.544573866912696	20.620459001268596	31.63418290854573	0.0
141.0	29.26264613959949	19.435119805533045	19.261488598217387	32.04074545665008	0.0
142.0	32.89152424136728	17.230554586675968	17.85838855946983	32.01953261248692	0.0
143.0	32.07767898923725	20.80018717828732	19.23256902199345	27.889564810481982	0.0
144.0	31.29708097928437	18.573446327683616	17.784839924670433	32.34463276836158	0.0
145.0	30.416272469252604	19.382686849574267	17.407757805108798	32.79328287606433	0.0
146.0	29.205329526528672	19.188674756126574	18.05852962169879	33.547466095645966	0.0
147.0	29.770444763271165	18.42419894787183	17.57532281205165	34.23003347680535	0.0
148.0	28.090428090428087	18.62674362674363	19.624819624819626	33.65800865800866	0.0
149.0	28.954682779456192	19.141993957703928	18.936555891238672	32.96676737160121	0.0
150.0	28.661646830216174	17.512752003886327	19.38304590721399	34.442555258683505	0.0
151.0	28.501648552936864	19.367444132372697	20.661863475393822	31.469043839296617	0.0
152.0	29.507389162561577	18.386699507389164	17.69704433497537	34.408866995073886	0.0
153.0	30.483731287888162	18.532722998886552	19.98020536929358	31.003340343931708	0.0
154.0	31.06965174129353	17.786069651741293	19.35323383084577	31.791044776119403	0.0
155.0	29.294574614709934	20.987344944242576	17.82984588397444	31.888234557073048	0.0
156.0	31.196365471983846	17.491166077738516	20.50731953558809	30.80514891468955	0.0
157.0	30.73796519751048	19.05245776705195	20.05588720945002	30.153689825987552	0.0
158.0	27.724543247732207	21.131979046888976	18.62782675354542	32.51565095183339	0.0
159.0	32.6436190720987	16.347513173113995	19.611875080323866	31.396992674463437	0.0
160.0	27.19876017047656	18.62327263334625	21.20625080718068	32.97171638899651	0.0
161.0	29.91686152247337	16.56274356975838	20.17407118732138	33.34632372044687	0.0
162.0	31.098039215686274	18.352941176470587	20.915032679738562	29.633986928104576	0.0
163.0	27.780699447804363	17.11806468577439	20.299763344727847	34.8014725216934	0.0
164.0	28.67151354923992	17.67349636483807	19.709187045604757	33.94580304031725	0.0
165.0	28.98897303042381	16.580310880829018	20.858243656171116	33.57247243257606	0.0
166.0	26.27084723148766	19.306204136090727	21.067378252168112	33.3555703802535	0.0
167.0	28.084306618338033	17.14324070345013	22.002953416565983	32.769499261645855	0.0
168.0	29.523037427374675	18.740710714768273	19.402783407647615	32.33346845020943	0.0
169.0	27.007596310363535	18.529571351058056	20.184481823114485	34.27835051546392	0.0
170.0	27.916496111338517	17.2465547823714	19.197707736389685	35.63924136990039	0.0
171.0	29.572626082176722	17.122440566167377	17.905730383399753	35.39920296825615	0.0
172.0	27.697841726618705	19.770337576092974	17.293857221914777	35.23796347537355	0.0
173.0	29.199110122358174	17.449944382647388	19.410456062291434	33.940489432703004	0.0
174.0	31.132604429492574	19.301934398654332	18.432856742360528	31.132604429492574	0.0
175.0	29.374382149413925	17.34218330744245	20.675045897472106	32.60838864567152	0.0
176.0	29.03455140054031	16.578984786008817	18.313664154699275	36.0727996587516	0.0
177.0	27.70773638968481	19.054441260744987	20.644699140401144	32.59312320916906	0.0
178.0	26.548545087870927	20.498415442235668	19.734946701238837	33.218092768654564	0.0
179.0	29.454545454545457	18.094545454545454	20.16	32.29090909090909	0.0
180.0	28.96046852122987	16.808199121522694	19.487554904831626	34.74377745241581	0.0
181.0	28.838785735337456	18.68552903035662	18.62658414382552	33.849101090480396	0.0
182.0	29.51574569221628	17.73618538324421	20.083184789067143	32.66488413547237	0.0
183.0	29.109947643979055	20.37397157816006	19.850411368735976	30.665669409124906	0.0
184.0	31.8407960199005	20.443238353686116	17.24709784411277	30.468867782300617	0.0
185.0	29.559939301972687	20.16691957511381	19.620637329286797	30.652503793626707	0.0
186.0	29.48091603053435	19.236641221374047	20.53435114503817	30.748091603053435	0.0
187.0	31.756756756756754	21.52948402948403	16.96867321867322	29.745085995085997	0.0
188.0	29.97676219984508	18.7141750580945	18.83810999225407	32.47095274980635	0.0
189.0	29.951615420633683	18.667082878102075	20.13422818791946	31.24707351334478	0.0
190.0	32.13217938630999	18.662470495672697	17.120377655389458	32.08497246262785	0.0
191.0	28.82997301158914	19.034767423400538	18.796634386410542	33.33862517859978	0.0
192.0	32.23894939141576	18.57783472133248	17.857142857142858	31.3260730301089	0.0
193.0	30.88235294117647	18.212669683257918	18.859082094376213	32.0458952811894	0.0
194.0	30.34493979824276	18.6625447445493	20.322160754962574	30.670354702245362	0.0
195.0	29.88335797601446	19.878429439789716	19.073435189748643	31.164777394447185	0.0
196.0	30.457190357439735	19.833748960931004	18.58686616791355	31.122194513715712	0.0
197.0	28.431703204047214	20.505902192242832	21.096121416526138	29.966273187183813	0.0
198.0	28.34618680377035	21.38817480719794	19.22879177377892	31.036846615252784	0.0
199.0	28.892484717727434	21.610931319669184	18.428622797554837	31.06796116504854	0.0
200.0	23.8427393785669	19.150285351934052	23.145212428662017	33.86176284083703	0.0
201.0	31.2009656004828	18.044659022329512	19.010259505129753	31.744115872057936	0.0
202.0	31.718464351005483	17.915904936014627	21.41986593540524	28.945764777574652	0.0
203.0	29.446153846153845	18.892307692307693	21.046153846153846	30.615384615384617	0.0
204.0	31.366459627329192	18.695652173913043	21.956521739130437	27.981366459627328	0.0
205.0	30.76923076923077	17.166979362101316	22.670419011882426	29.393370856785488	0.0
206.0	27.77952755905512	22.362204724409448	21.41732283464567	28.440944881889763	0.0
207.0	28.93900889453621	19.472681067344347	19.5997458703939	31.988564167725542	0.0
208.0	27.767052767052768	17.63191763191763	22.232947232947232	32.36808236808237	0.0
209.0	26.994464343861935	19.179420384239663	18.756105503093455	35.07000976880495	0.0
210.0	28.104359313077936	16.809775429326287	20.871862615587848	34.21400264200793	0.0
211.0	28.59520639147803	18.974700399467377	21.637816245006658	30.792276964047936	0.0
212.0	25.218855218855218	17.946127946127945	23.703703703703706	33.131313131313135	0.0
213.0	30.391822827938668	19.727427597955707	18.841567291311755	31.039182282793863	0.0
214.0	31.538992408557625	22.25672877846791	19.392684610075914	26.811594202898554	0.0
215.0	26.738902481649774	18.979377839916115	19.64348130024467	34.63823837818944	0.0
216.0	30.507272082298687	17.559418233416103	20.787513302589574	31.145796381695632	0.0
217.0	25.593952483801296	20.19438444924406	23.434125269978402	30.77753779697624	0.0
218.0	25.57364914877868	20.503330866025166	19.31902294596595	34.6039970392302	0.0
219.0	21.608448415922016	23.436230706742485	24.857839155158405	30.097481722177093	0.0
220.0	14.723557692307693	23.497596153846153	20.853365384615387	40.925480769230774	0.0
