# Position (bp)	A	C	G	T	N
0.0	26.241155146173732	24.17408838444171	24.04373185442746	25.5410246149571	0.0
1.0	27.144620901818328	21.298813824107775	15.55495654468793	36.00160872938597	0.0
2.0	29.722991767910127	20.88282979987244	17.11077279316399	32.28340563905345	0.0
3.0	23.969482406262475	22.49833544794587	15.204776176189409	38.32740596960224	0.0
4.0	34.152737384389084	13.968646521093744	15.20990307825608	36.66871301626109	0.0
5.0	35.421911473261524	15.401496856944288	24.10061109524591	25.075980574548275	0.0
6.0	32.48260016615725	17.574292236614905	20.98023373502553	28.962873862202315	0.0
7.0	35.692793114078306	17.985897453979348	20.380603525569345	25.94070590637301	0.0
8.0	23.420757298258977	26.608115377873414	23.250449477518064	26.720677846349545	0.0
9.0	27.434012267697188	19.466577476357514	15.394475708065611	37.70493454787968	0.0
10.0	27.458821680498552	16.78111636984696	24.679052567881683	31.081009381772805	0.0
11.0	28.046416571129605	19.681547613051066	19.25939805943916	33.012637756380165	0.0
12.0	25.555119006602634	21.26004146543439	20.145055142848893	33.03978438511408	0.0
13.0	27.06009801531414	21.67890011155505	19.54268474919591	31.718317123934902	0.0
14.0	30.44558215817713	19.23806760598569	19.800114308664288	30.51623592717289	0.0
15.0	30.008227268728117	18.842513957813253	20.975854813220852	30.173403960237778	0.0
16.0	28.78660211115074	18.91506167765091	18.817529925430723	33.480806285767635	0.0
17.0	29.869901695891944	18.255832461914462	20.185835531189408	31.68843031100419	0.0
18.0	32.44619869962141	17.783849166292242	19.299573995383327	30.47037813870302	0.0
19.0	31.0045931665985	19.000531246495015	20.091460363705725	29.903415223200764	0.0
20.0	30.259813788365097	17.73812570057712	20.32152837803259	31.680532133025196	0.0
21.0	29.575372191563055	19.36040877100724	19.651916013354366	31.41230302407534	0.0
22.0	30.511454037103974	18.998005978705816	22.926785367685035	27.563754616505175	0.0
23.0	29.697673059758177	20.676019560079546	21.70331998836765	27.922987391794624	0.0
24.0	33.7003971252244	19.63281531762966	17.515297682730996	29.151489874414942	0.0
25.0	30.08668518977455	21.080478806891563	19.94952150876691	28.88331449456698	0.0
26.0	31.291949835824013	17.329986010285094	23.022114226727407	28.355949927163486	0.0
27.0	26.969362994484037	21.245507743371004	24.46776287466814	27.31736638747682	0.0
28.0	27.860567607664727	19.874609708445746	19.381416849849323	32.88340583404021	0.0
29.0	28.44555663685373	20.846985562318707	17.388389544048124	33.31906825677944	0.0
30.0	27.494467890893326	19.436573894795874	15.970269908797905	37.098688305512894	0.0
31.0	34.60325191624514	15.10296655391594	18.523900950263304	31.769880579575617	0.0
32.0	34.08180427511364	15.697035895847428	23.43287495550719	26.788284873531737	0.0
33.0	31.629839672939347	17.776427521208383	20.76527886507234	29.82845394077993	0.0
34.0	32.9537866584341	17.517606919249708	21.811487114465365	27.71711930785083	0.0
35.0	27.52029536262161	20.597914212143664	25.161846692011515	26.71994373322321	0.0
