# Position (bp)	A	C	G	T	N
0.0	25.942073647578916	23.88470768351558	23.853324576415826	26.319894092489676	0.0
1.0	26.132195704195134	19.709044280760004	15.273663298787	38.88509671625787	0.0
2.0	28.503223337119277	18.70956673774277	18.496372401032282	34.29083752410567	0.0
3.0	22.785159240558094	22.25039473597807	15.164371616326367	39.80007440713747	0.0
4.0	33.85755834390029	13.177006205002243	14.536840297522222	38.42859515357525	0.0
5.0	34.40500499827429	14.808894539751819	23.091427271911215	27.694673190062673	0.0
6.0	30.480395601529665	17.277513757671198	20.970713841344644	31.271376799454494	0.0
7.0	34.559510021343975	17.039397605526794	19.961085961787315	28.440006411341916	0.0
8.0	22.220178430905566	26.855927276547074	22.639960590169455	28.2839337023779	0.0
9.0	27.703369938956417	18.432596693087795	15.63296606969346	38.231067298262325	0.0
10.0	25.912688027543414	16.368561151795763	25.166294180982764	32.552456639678056	0.0
11.0	27.95846528050074	17.76651441238874	19.365886137103104	34.90913417000742	0.0
12.0	26.125890049108342	19.436259217435953	21.240637674964887	33.19721305849082	0.0
13.0	26.067945735416238	20.60326154381129	18.4711734114044	34.857619309368076	0.0
14.0	30.411912870950008	18.220968076407257	20.332137847473454	31.03498120516928	0.0
15.0	29.80745372831305	18.259386322289465	19.627003431154595	32.306156518242894	0.0
16.0	29.53426989032802	17.4764985379786	18.55842380600076	34.43080776569262	0.0
17.0	30.21884816801338	17.791066320261017	19.73735684279444	32.25272866893116	0.0
18.0	30.47817698744808	17.490693140316928	18.552073589165193	33.4790562830698	0.0
19.0	29.521331748005288	18.160827787552762	19.879268907798927	32.43857155664303	0.0
20.0	29.64938879445944	17.630182840967027	19.744159838014006	32.97626852655953	0.0
21.0	28.920924971905098	18.197978253959775	19.340383394624432	33.54071337951069	0.0
22.0	29.75210157086933	18.803241078228332	22.258766468681774	29.185890882220573	0.0
23.0	29.722025766712278	20.018475621959027	20.82373065843938	29.435767952889314	0.0
24.0	32.14320157784211	19.138647985634247	18.214074525510892	30.504075911012745	0.0
25.0	29.238764078011904	20.98353878907138	19.175243798520864	30.60245333439585	0.0
26.0	31.998731314968037	16.62242267224369	21.521654578993076	29.8571914337952	0.0
27.0	26.203541541963954	21.00535138772047	24.919484683865605	27.871622386449975	0.0
28.0	26.01864948885848	19.461071472879027	18.259816461754262	36.26046257650823	0.0
29.0	27.993453730124163	19.55438909782096	17.290689608645533	35.161467563409346	0.0
30.0	26.34347417659388	19.083293318359136	16.16584170624228	38.407390798804705	0.0
31.0	33.91632053070337	14.06630696448017	17.99446834972813	34.022904155088334	0.0
32.0	33.9182727092847	15.555657653213034	22.569350438535533	27.956719198966727	0.0
33.0	30.880469672138606	17.472981794444042	20.550464963382954	31.096083570034406	0.0
34.0	33.13119285839338	16.27861573013896	21.71149999135902	28.878691420108638	0.0
35.0	26.026413756996263	20.340512800062776	25.37800094934389	28.255072493597073	0.0
