# Position (bp)	A	C	G	T	N
0.0	26.2614373024194	23.821080614961645	23.848999273948685	26.068482808670275	0.0
1.0	26.753503667066003	20.2377207339749	15.485815410135903	37.5229601888232	0.0
2.0	28.9633947251277	19.245107075484473	17.846473490299726	33.9450247090881	0.0
3.0	23.222306486593798	22.51290200127421	15.064570228170012	39.20022128396198	0.0
4.0	34.19233588639891	13.111181357466334	14.860442954025718	37.83603980210904	0.0
5.0	34.910410195443	14.741235758325269	23.21799482667501	27.13035921955672	0.0
6.0	31.23338747662372	17.363537317349437	20.86258897934915	30.540486226677693	0.0
7.0	35.19328822499693	17.013582326035614	20.019348752545234	27.77378069642222	0.0
8.0	22.552889358352186	26.94633503070888	22.57056066539779	27.93021494554115	0.0
9.0	27.73300714492133	18.494584010124463	15.642528059843283	38.12988078511093	0.0
10.0	26.66786246939908	16.515148495447647	24.969789372635383	31.847199662517895	0.0
11.0	28.189770571959087	18.32213929108828	19.283481646088894	34.204608490863734	0.0
12.0	26.188910258326608	19.704321166040533	20.93018505047284	33.17658352516002	0.0
13.0	26.304188963405117	20.814059318458877	18.894347506917384	33.987404211218625	0.0
14.0	30.4248919625448	18.519014924282434	20.267012785124212	30.789080328048552	0.0
15.0	29.69070230158809	18.59797112136401	19.998804197267592	31.712522379780307	0.0
16.0	30.025560283405245	17.706882176892442	18.557496520546216	33.71006101915609	0.0
17.0	30.49732106971198	17.820084835560515	19.69548551251773	31.98710858220978	0.0
18.0	31.477563751233173	17.885488601674787	18.962026619897493	31.674921027194546	0.0
19.0	29.975452827243043	18.513882937555845	19.81687609822855	31.69378813697256	0.0
20.0	29.559479560077463	17.852138992137597	20.03790030326886	32.55048114451608	0.0
21.0	29.146412757886488	18.451734412213135	20.1207096424882	32.281143187412184	0.0
22.0	29.78261302827077	18.925853587242113	22.70869248936234	28.58284089512478	0.0
23.0	29.776833315064128	20.29351974569262	21.06192265149326	28.867724287749997	0.0
24.0	32.808957226800594	19.388180818659837	17.853035844186905	29.94982611035266	0.0
25.0	29.440065370549373	21.039351874919035	19.418906305534243	30.101676448997356	0.0
26.0	31.879170777238556	16.653081018956794	22.173404682896365	29.294343520908278	0.0
27.0	26.383643411625197	21.112046716026747	24.821808784499737	27.682501087848323	0.0
28.0	26.675718229016155	19.78530358441869	18.627866189674243	34.91111199689092	0.0
29.0	28.219350081214934	20.032635449572002	17.28399982727294	34.464014641940125	0.0
30.0	26.535983220003107	18.98406918919207	16.039746968512205	38.440200622292615	0.0
31.0	34.51951591597052	14.323604678525207	18.35779981495545	32.79907959054882	0.0
32.0	34.45487502905254	15.555466918306692	22.385073532171365	27.6045845204694	0.0
33.0	31.139388473220748	17.28774142903836	21.026566596327502	30.54630350141339	0.0
34.0	33.12849508472605	16.51202883441459	21.807438835673267	28.552037245186103	0.0
35.0	26.47078619591361	20.15407268019918	25.593802464373276	27.78133865951393	0.0
