# Position (bp)	A	C	G	T	N
0.0	42.08349003384731	16.773223016171492	19.36818352764197	21.775103422339225	0.0
1.0	21.47423843550207	35.56474865237558	21.098157201955622	21.862855710166727	0.0
2.0	28.21986258588382	30.268582136164895	15.090568394753278	26.420986883198	0.0
3.0	39.21226473887573	17.362582575096596	18.721176617225478	24.703976068802195	0.0
4.0	40.29404435584351	16.02292549215051	15.399950161973585	28.283079990032395	0.0
5.0	25.39227895392279	30.36114570361146	15.267745952677458	28.978829389788295	0.0
6.0	24.505042958535675	32.46171087037729	17.307931764412903	25.725314406674137	0.0
7.0	41.01095617529881	17.953187250996017	14.877988047808765	26.157868525896415	0.0
8.0	40.62733383121733	16.442618869803336	16.1563355738113	26.773711725168038	0.0
9.0	25.77794373910879	29.648991784914113	16.280806572068705	28.292257903908393	0.0
10.0	22.486311597809856	15.530114484818316	17.620706819313092	44.362867098058736	0.0
11.0	22.885572139303484	16.430348258706466	17.027363184079604	43.656716417910445	0.0
12.0	23.653774406168388	15.694565352568087	18.181818181818183	42.46984205944535	0.0
13.0	25.627953245461327	30.974881870181548	16.911216115394183	26.485948768962945	0.0
14.0	25.630826600372902	15.811062771908018	32.7408328154133	25.81727781230578	0.0
15.0	37.32455595578189	17.500931561296735	17.488510744006955	27.686001738914424	0.0
16.0	22.97280516577673	17.608344716254813	16.888116229976408	42.53073388799205	0.0
17.0	25.741591162963886	29.117537544991933	16.681146828844483	28.459724463199702	0.0
18.0	22.996774993798063	18.04763086082858	17.104936740262964	41.85065740511039	0.0
19.0	24.057539682539684	31.671626984126984	16.356646825396826	27.914186507936506	0.0
20.0	23.78827321185075	16.672864757654644	17.52820131399529	42.01066071649932	0.0
21.0	25.312848469830257	16.5035311609466	18.386816999132698	39.79680337009045	0.0
22.0	24.944265543720583	16.113450582115433	31.062670299727518	27.879613574436462	0.0
23.0	24.071322436849925	16.518078256562653	17.421991084695392	41.98860822189203	0.0
24.0	40.17083436494182	14.384748700173311	17.51671205743996	27.927704877444913	0.0
25.0	25.897499381034912	15.72171329537014	29.623669225055703	28.75711809853924	0.0
26.0	40.30700668482298	15.944540727902945	14.038128249566725	29.710324337707355	0.0
27.0	24.935000619041723	16.97412405596137	14.980809706574222	43.11006561842268	0.0
28.0	24.1520178261946	29.400841792522904	13.864818024263432	32.582322357019066	0.0
29.0	26.524805146603985	13.472720524557714	15.303723864901645	44.69875046393666	0.0
30.0	26.21769383697813	14.724155069582507	28.777335984095426	30.280815109343933	0.0
31.0	27.039481878191555	14.024162411259185	16.26603562087433	42.67032008967493	0.0
32.0	23.927145708582835	17.252994011976046	15.394211576846306	43.42564870259481	0.0
33.0	25.812093953023492	31.121939030484757	14.767616191904049	28.298350824587704	0.0
34.0	26.048537647790916	15.544492843808339	16.502800248911015	41.904169259489734	0.0
35.0	24.61979556220394	30.17950635751683	15.18324607329843	30.017452006980804	0.0
36.0	25.346658338538415	13.95377888819488	16.352279825109306	44.3472829481574	0.0
37.0	41.244844394450695	16.73540807399075	15.673040869891263	26.34670666166729	0.0
38.0	39.00212579717394	17.706639989996248	14.79304739277229	28.49818682005752	0.0
39.0	42.336683417085425	16.092964824120603	14.35929648241206	27.211055276381906	0.0
40.0	24.37049221814501	29.722890041756294	17.082120713653044	28.824497026445655	0.0
41.0	25.70957932083122	13.950836289913838	32.665990876837306	27.67359351241764	0.0
42.0	42.235234215885946	14.740325865580447	16.929735234215887	26.094704684317723	0.0
43.0	42.11602351137235	16.2662918476872	15.435727063634042	26.181957577306413	0.0
44.0	27.201540436456995	30.26957637997433	14.403080872913993	28.125802310654684	0.0
45.0	32.18790778599391	15.108017978831375	17.181383210091344	35.52269102508337	0.0
46.0	30.622295179823904	16.83330846142367	17.967467542157888	34.57692881659454	0.0
47.0	30.463378176382662	17.78774289985052	19.92526158445441	31.823617339312406	0.0
48.0	27.828562865277984	18.522403716469356	18.252659973025626	35.396373445227034	0.0
49.0	29.77764423076923	18.118990384615387	18.14903846153846	33.95432692307692	0.0
50.0	28.41045673076923	21.123798076923077	17.98377403846154	32.48197115384615	0.0
51.0	30.144404332129966	18.62214199759326	17.779783393501805	33.45367027677497	0.0
52.0	29.817962990822927	18.263878441402138	20.009026628554235	31.909131939220703	0.0
53.0	30.38108148817593	19.31013706883567	19.445699653562283	30.86308178942612	0.0
54.0	26.809408926417372	22.572376357056694	18.65199034981906	31.966224366706875	0.0
55.0	30.43281556326346	18.6397225154577	18.473835017342786	32.453626903936055	0.0
56.0	27.248038624019312	18.980084490042245	19.568497284248643	34.2033796016898	0.0
57.0	30.602082390221817	18.18318998038328	19.36019314923797	31.854534480156932	0.0
58.0	30.664652567975832	18.700906344410875	18.24773413897281	32.38670694864048	0.0
59.0	27.84408520924611	17.58573802689228	21.544039885179032	33.026136878682586	0.0
60.0	29.72809667673716	17.341389728096676	20.513595166163142	32.41691842900302	0.0
61.0	28.459214501510573	18.11178247734139	20.70996978851964	32.7190332326284	0.0
62.0	27.60393046107332	19.002267573696145	20.997732426303855	32.39606953892668	0.0
63.0	32.465566823066446	18.480399576207056	19.38852731950961	29.665506281216892	0.0
64.0	28.273043741486305	17.55713637051612	21.79506583926139	32.374754048736186	0.0
65.0	30.251210653753024	18.265738498789347	20.95944309927361	30.523607748184016	0.0
66.0	28.96489104116223	16.449757869249396	21.791767554479417	32.79358353510896	0.0
67.0	27.875302663438255	19.098062953995157	19.15859564164649	33.8680387409201	0.0
68.0	25.766778013969027	19.268144549043427	21.01427269966596	33.95080473732159	0.0
69.0	26.848899012908124	20.106302201974184	20.759301442672744	32.285497342444955	0.0
70.0	27.18712029161604	19.896719319562575	19.486634264884568	33.42952612393682	0.0
71.0	28.77752467729689	19.84813971146545	18.815489749430526	32.55884586180714	0.0
72.0	28.953771289537713	18.75	20.69647201946472	31.599756690997566	0.0
73.0	29.531630170316305	17.898418491484186	20.30109489051095	32.26885644768856	0.0
74.0	27.543726235741445	18.768060836501903	21.688212927756652	32.0	0.0
75.0	29.721503576320195	17.30330238928626	22.812357327651803	30.162836706741743	0.0
76.0	29.417135900167402	18.703393699589103	19.23603713285649	32.643433267387	0.0
77.0	28.401826484018265	19.254185692541856	18.949771689497716	33.39421613394216	0.0
78.0	28.5431572537677	18.3894047800274	19.181001674531892	33.886436291673014	0.0
79.0	28.654080389768577	19.214372716199758	18.2095006090134	33.92204628501827	0.0
80.0	28.780264961169483	17.78589919293437	19.79594944419065	33.637886401705494	0.0
81.0	26.785442363331814	18.166590528399574	20.52687680828384	34.52109029998478	0.0
82.0	28.754188242461165	16.615900091379835	20.834602497715505	33.7953091684435	0.0
83.0	28.114529393847093	18.6110265001523	22.72311909838562	30.551325007614988	0.0
84.0	27.15090604537841	18.714786051469467	21.24257651895843	32.8917313841937	0.0
85.0	29.75936643314042	17.438318611026503	20.01218397806884	32.79013097776424	0.0
86.0	29.04798172124905	17.593297791317593	21.11195734958111	32.24676313785225	0.0
87.0	30.952018278750952	17.15156130997715	22.361005331302362	29.535415079969535	0.0
88.0	31.256664127951257	19.223153084539224	17.24295506473724	32.27722772277228	0.0
89.0	31.270953977445902	16.580310880829018	18.378543127095398	33.770192014629686	0.0
90.0	30.208809632677948	16.476146928821827	20.225575369608293	33.08946806889194	0.0
91.0	29.35346142116499	19.350411710887467	16.514181152790485	34.78194571515706	0.0
92.0	27.802348635046513	18.224797925880736	18.316303187433277	35.656550251639466	0.0
93.0	30.884146341463413	17.317073170731707	19.939024390243905	31.859756097560975	0.0
94.0	30.542848429399207	17.352851479109486	19.319914608112228	32.78438548337908	0.0
95.0	29.667480170835876	17.022574740695546	20.241000610128125	33.06894447834045	0.0
96.0	29.610983981693362	16.64378337147216	20.045766590389018	33.69946605644546	0.0
97.0	29.916094584286807	17.360793287566743	20.24408848207475	32.4790236460717	0.0
98.0	30.694126620900075	19.588100686498855	17.757437070938213	31.960335621662857	0.0
99.0	30.50511216236838	18.770028994353734	19.54829848924157	31.17656035403632	0.0
100.0	32.40556660039761	15.36932252638018	19.52897996635571	32.69613090686649	0.0
101.0	31.456191499156056	18.167868651219887	18.889059383151757	31.486880466472307	0.0
102.0	30.4	17.56923076923077	19.984615384615385	32.04615384615385	0.0
103.0	28.525146559703796	20.580067880283863	18.06541190990435	32.82937365010799	0.0
104.0	27.55954222084751	17.615218063717908	19.826786266625426	34.99845344880916	0.0
105.0	28.903345724907066	17.131350681536556	18.66480793060719	35.300495662949196	0.0
106.0	32.24603914259087	18.670394532463497	17.56756756756757	31.515998757378068	0.0
107.0	30.10267579340386	18.59054138145613	18.170504044803984	33.136278780336035	0.0
108.0	32.92245280074895	16.7420814479638	18.224371976907474	32.11109377437978	0.0
109.0	28.864205256570713	18.6639549436796	19.30538172715895	33.166458072590736	0.0
110.0	26.30094043887147	19.07523510971787	20.42319749216301	34.20062695924765	0.0
111.0	31.84893784421715	18.772619984264356	19.41778127458694	29.96066089693155	0.0
112.0	27.98548666982174	18.504495977283483	19.49834358731661	34.011673765578166	0.0
113.0	28.36127807655805	17.510281556469472	18.47516608668143	35.65327428029105	0.0
114.0	30.345812182741117	17.306472081218274	19.638324873096447	32.70939086294416	0.0
115.0	26.166587036152254	21.1498646281255	18.47427934384456	34.20926899187769	0.0
116.0	29.14604948124501	17.110933758978454	18.88268156424581	34.86033519553073	0.0
117.0	30.34427542033627	19.45556445156125	19.375500400320256	30.824659727782226	0.0
118.0	29.43347777242818	16.7709837907238	19.884448724121327	33.911089712726685	0.0
119.0	24.730317179198195	19.481564965383996	23.748188697472226	32.03992915794558	0.0
120.0	28.32258064516129	20.387096774193548	19.596774193548384	31.693548387096776	0.0
121.0	29.78826571844189	19.023759495716824	18.571197672539196	32.616777113302085	0.0
122.0	28.784440842787685	17.147487844408428	19.092382495948137	34.97568881685575	0.0
123.0	29.88132011055113	16.50138188912372	19.866688343358803	33.75060965696635	0.0
124.0	30.484423421954006	17.631707714891533	19.474800195726637	32.409068667427825	0.0
125.0	27.778687182844987	18.513668358160093	19.708626616467505	33.999017842527415	0.0
126.0	30.078765999343616	18.592057761732853	18.985887758450936	32.3432884804726	0.0
127.0	29.414666228214404	18.020388030253205	20.700427490956923	31.86451825057547	0.0
128.0	30.133817941516604	17.511977531802412	20.270940029737318	32.08326449694366	0.0
129.0	30.691427623942964	17.045266125020724	18.520974962692755	33.74233128834356	0.0
130.0	30.058284762697753	19.58368026644463	16.519567027477102	33.838467943380515	0.0
131.0	30.22363150867824	19.058744993324435	19.292389853137518	31.425233644859812	0.0
132.0	28.659966499162483	16.130653266331656	22.445561139028474	32.76381909547739	0.0
133.0	28.081385572557593	20.329577938456364	19.690600302673616	31.89843618631243	0.0
134.0	27.775902801214986	19.625379682753966	18.88288896388795	33.715828552143094	0.0
135.0	29.127857747671467	17.425910245554615	21.253175275190518	32.193056731583404	0.0
136.0	27.6512576478586	17.963970088375255	18.677770224337188	35.70700203942896	0.0
137.0	30.293215138083873	16.80872826457552	18.342993521991136	34.55506307534947	0.0
138.0	28.642355760999827	17.29155966444102	19.41448382126348	34.65160075329567	0.0
139.0	28.502747252747252	19.2135989010989	19.522664835164836	32.760989010989015	0.0
140.0	28.613264427217917	18.91472868217054	20.964685615848406	31.507321274763132	0.0
141.0	31.052358735095904	17.746673578710904	20.06220839813375	31.138759288059443	0.0
142.0	32.899757197363854	17.759278529309746	16.92681234824835	32.414151925078045	0.0
143.0	34.029590948651	19.094865100087034	19.077458659704092	27.79808529155788	0.0
144.0	31.662591687041562	18.145302130632203	17.84841075794621	32.34369542438002	0.0
145.0	30.522440392706873	18.26788218793829	18.285413744740534	32.92426367461431	0.0
146.0	27.879535047551958	19.742867206762945	18.404367735118	33.9732300105671	0.0
147.0	28.214665249734328	18.7743535246192	18.579525327665607	34.431455897980875	0.0
148.0	28.40404757677969	19.368009941416652	18.569146103319724	33.658796378483935	0.0
149.0	31.331313491356266	18.855818927107467	17.554803065407235	32.25806451612903	0.0
150.0	27.715154768294862	18.733225979602793	19.32367149758454	34.2279477545178	0.0
151.0	29.245960502693	19.497307001795335	20.0	31.25673249551167	0.0
152.0	27.815884476534297	19.11552346570397	17.021660649819495	36.04693140794224	0.0
153.0	30.446623093681918	17.81045751633987	19.73493100944081	32.0079883805374	0.0
154.0	32.35347818148622	16.998356764652183	18.751141135658205	31.8970239182034	0.0
155.0	30.42760139475133	19.52651862727106	18.241879243897962	31.804000734079647	0.0
156.0	31.08531416989128	16.27049935507647	19.900497512437813	32.74368896259443	0.0
157.0	30.74074074074074	18.98148148148148	20.074074074074076	30.203703703703706	0.0
158.0	27.727188254971196	20.47946478349749	19.21575915257387	32.57758780895744	0.0
159.0	33.12173263629574	16.000746825989545	19.80955937266617	31.06796116504854	0.0
160.0	29.04253325838486	17.818999437886454	19.58028855162076	33.55817875210793	0.0
161.0	29.32656132430399	17.287434161023327	20.974416854778028	32.41158765989466	0.0
162.0	29.576399394856278	18.778366111951588	20.329046898638424	31.316187594553707	0.0
163.0	27.863247863247864	18.42355175688509	18.974358974358974	34.73884140550807	0.0
164.0	27.16851356515094	17.672907909820402	20.99732518150554	34.16125334352312	0.0
165.0	29.16906543849549	16.580310880829018	21.33947418921512	32.91114949146037	0.0
166.0	27.67598842815815	18.727097396335584	20.057859209257472	33.53905496624879	0.0
167.0	28.815202637192165	17.529571456273025	21.11692844677138	32.53829745976343	0.0
168.0	29.768166764075588	17.689460354568478	19.40385739333723	33.138515488018705	0.0
169.0	26.409553641346907	17.032106499608457	21.92638997650744	34.63194988253719	0.0
170.0	27.31572723689397	17.57981868348443	19.1564840362633	35.947970043358296	0.0
171.0	29.784286562438155	17.63308925390857	17.910152384721947	34.672471798931326	0.0
172.0	29.60382241688234	19.11208441170615	16.742982281505075	34.54111088990643	0.0
173.0	28.848848848848853	17.77777777777778	18.97897897897898	34.394394394394396	0.0
174.0	30.338436744560838	19.03706688154714	18.734891216760676	31.889605157131346	0.0
175.0	27.73619259558972	17.944568076067167	21.76815698968238	32.551082338660734	0.0
176.0	28.272357723577237	17.58130081300813	17.66260162601626	36.483739837398375	0.0
177.0	27.590435315757205	19.6403024729205	19.23155528305743	33.53770692826487	0.0
178.0	26.930977814297453	19.65899753492194	20.829909613804436	32.58011503697617	0.0
179.0	28.960958479652966	17.88886593678992	20.677545961578186	32.47262962197893	0.0
180.0	30.892116182572614	15.12448132780083	20.08298755186722	33.90041493775934	0.0
181.0	28.26722338204593	19.352818371607516	18.538622129436323	33.841336116910234	0.0
182.0	30.408249158249156	17.466329966329965	19.52861952861953	32.59680134680135	0.0
183.0	29.84537174327473	21.393772505825037	18.17411565346325	30.58674009743698	0.0
184.0	31.04407359863072	20.025673940949936	17.43688489516474	31.493367565254598	0.0
185.0	27.088716623600344	19.229112833764	22.329888027562447	31.352282515073217	0.0
186.0	29.458874458874458	17.77056277056277	20.51948051948052	32.25108225108225	0.0
187.0	29.696705214924723	21.339733798821733	17.804931267728563	31.15862971852498	0.0
188.0	29.723198594024602	18.18980667838313	19.969244288224957	32.11775043936731	0.0
189.0	30.250609891328455	19.25038811266356	19.871368374362387	30.6276336216456	0.0
190.0	31.684940702618036	17.99060192436787	18.34862385321101	31.97583351980309	0.0
191.0	28.1981981981982	18.01801801801802	19.45945945945946	34.32432432432432	0.0
192.0	31.58972026381624	17.898567204912442	19.49056174664544	31.021150784625885	0.0
193.0	30.172215843857636	17.795637198622273	19.63260619977038	32.39954075774971	0.0
194.0	29.775929775929775	18.31831831831832	19.88911988911989	32.016632016632016	0.0
195.0	29.526916802610113	20.01864367280354	19.4826380797017	30.971801444884644	0.0
196.0	30.948458460814308	19.345728406683925	17.36879265709579	32.33702047540598	0.0
197.0	28.221005001190758	21.147892355322696	20.242914979757085	30.38818766372946	0.0
198.0	28.178275694106187	21.602532878714076	20.1656113005358	30.053580126643936	0.0
199.0	27.94604224993637	22.52481547467549	19.16518198014762	30.36396029524052	0.0
200.0	23.076923076923077	19.634839868302905	21.460640526788385	35.827596527985634	0.0
201.0	32.22517730496454	17.109929078014186	19.76950354609929	30.895390070921984	0.0
202.0	30.0	18.88392857142857	21.38392857142857	29.732142857142858	0.0
203.0	31.24718595227375	19.180549302116166	18.865375956776226	30.706888788833858	0.0
204.0	31.25	18.97644927536232	22.59963768115942	27.173913043478258	0.0
205.0	29.67032967032967	16.94139194139194	23.67216117216117	29.716117216117215	0.0
206.0	29.70846830171217	21.61036557149468	21.42526608051828	27.255900046274874	0.0
207.0	29.715882626921285	18.58407079646018	20.40055891942245	31.29948765719609	0.0
208.0	27.665570690465007	17.191169563175198	23.297322686707375	31.845937059652417	0.0
209.0	26.783183750590457	19.083608880491262	19.886632026452528	34.24657534246575	0.0
210.0	27.82277274892806	18.056217246307764	19.723677941877085	34.39733206288709	0.0
211.0	30.301579703207278	18.956438487314507	19.674485399712783	31.06749640976544	0.0
212.0	26.666666666666668	17.874396135265698	22.657004830917874	32.80193236714976	0.0
213.0	30.009775171065495	19.794721407624632	18.866080156402738	31.329423264907135	0.0
214.0	29.461196243203165	21.15669797330697	21.502718734552644	27.87938704893722	0.0
215.0	26.873126873126875	20.929070929070928	19.33066933066933	32.86713286713287	0.0
216.0	29.909365558912388	18.429003021148034	20.946626384692852	30.71500503524673	0.0
217.0	24.553343542623786	21.235324144971923	23.22613578356304	30.985196528841247	0.0
218.0	25.421940928270043	19.672995780590718	19.251054852320674	35.654008438818565	0.0
219.0	23.1433506044905	23.661485319516405	25.38860103626943	27.806563039723663	0.0
220.0	11.865864144454	26.139294926913152	22.44196044711952	39.55288048151333	0.0
