# Position (bp)	A	C	G	T	N
0.0	26.297968366751945	24.132791456236074	24.203655776362055	25.365584400649926	0.0
1.0	27.137260048244016	20.941800072785423	15.677777041204937	36.243162837765624	0.0
2.0	29.12415881524829	20.189583754895075	17.64049232640403	33.04576510345261	0.0
3.0	23.340412480214994	22.88212517215526	15.357709688622121	38.41975265900763	0.0
4.0	34.01704920196117	13.56956714204937	15.229719932623095	37.183663723366365	0.0
5.0	34.85315632978834	15.244695287791638	23.76984510026749	26.13230328215253	0.0
6.0	31.765855235863853	17.631029580362796	21.18299551916733	29.42011966460602	0.0
7.0	35.55764514784639	17.490306534267145	20.27704190694462	26.675006410941844	0.0
8.0	23.27359115075088	26.742069526377055	22.940816969604228	27.043522353267836	0.0
9.0	27.390449947407973	18.931237528741093	15.867489988859765	37.810822534991175	0.0
10.0	26.65932545671793	16.95468028494457	24.835306046940936	31.550688211396565	0.0
11.0	28.208711878552634	19.087235987141078	19.177455546184532	33.52659658812176	0.0
12.0	25.90522025725146	20.53899495086792	20.605828259215368	32.949956532665254	0.0
13.0	26.881400211882134	21.178602148371837	19.34521472025245	32.594782919493575	0.0
14.0	30.72961452294279	18.749595302959417	20.05100635903248	30.469783815065316	0.0
15.0	29.65871349396128	18.701863019024376	20.36292216744853	31.276501319565813	0.0
16.0	29.54429660038264	18.14675723949778	18.814171094621177	33.4947750654984	0.0
17.0	30.32334262790353	18.05310409220185	19.90069900557066	31.722854274323964	0.0
18.0	32.4533028618147	17.689035592927294	19.165627240196667	30.692034305061338	0.0
19.0	30.657225290297045	18.61811861263028	20.085680193156914	30.638975903915767	0.0
20.0	29.804343597283893	17.839126657365338	20.4747706288698	31.881759116480968	0.0
21.0	29.234273320924654	18.76328910177737	20.06809319191095	31.934344385387025	0.0
22.0	30.13690148940677	19.094251862349882	22.756633347793155	28.01221330045019	0.0
23.0	29.778753902158144	20.377481122361594	21.547956210664967	28.295808764815288	0.0
24.0	33.26803657825898	19.652466796593284	17.633719675096035	29.445776950051698	0.0
25.0	29.59769295312787	21.25684470272358	19.772196289318472	29.373266054830076	0.0
26.0	31.48819420158867	17.00288570111912	22.696572589502765	28.812347507789447	0.0
27.0	26.43139737984773	20.944915376243543	24.731203436183723	27.892483807725004	0.0
28.0	27.339608508756125	19.827823122621414	19.212913428020162	33.6196549406023	0.0
29.0	28.135592670451636	20.585267283892456	17.562330779185263	33.71680926647064	0.0
30.0	26.949991406015194	19.042116756021986	16.053401084724772	37.954490753238055	0.0
31.0	34.47390433606097	14.870560820198758	18.662272874194343	31.993261969545927	0.0
32.0	34.23822745028227	15.589426872396004	22.93610043170295	27.23624524561878	0.0
33.0	31.67341190832877	17.90724544066143	20.75778405793942	29.66155859307038	0.0
34.0	33.4630746461043	16.8518503375975	21.70996869705874	27.97510631923945	0.0
35.0	26.929671302711807	20.291137803027166	25.639643019920722	27.13954787434031	0.0
