# Position (bp)	A	C	G	T	N
0.0	26.984256170989347	24.10845227157831	23.71403484333646	25.193100199243407	1.5651485247692581E-4
1.0	27.360197111935875	20.00046782896173	15.28615538159249	37.35302373452266	1.5594298724386365E-4
2.0	28.41258175139496	19.892256750268427	17.918258704998856	33.77612587345219	7.769198855752392E-4
3.0	23.809383628075896	22.047280693871606	15.312307296621436	38.82870432058405	0.0023240608470117227
4.0	34.56142871932272	13.686433934247141	14.574129957461668	37.1766167424569	0.0013906465115632257
5.0	36.321553172742945	14.775941376431758	22.58886812628941	26.31070552890365	0.0029317956322417278
6.0	32.577605535052506	17.55992326124308	20.083981169726712	29.7784900339777	0.0
7.0	35.73758931856918	16.70343848585299	20.334225813355175	27.22397656046719	7.698217554707382E-4
8.0	22.928951526181464	26.94912933582146	22.478043017071755	27.643722279741734	1.538411835925301E-4
9.0	28.873801364334504	18.158686524390898	15.937376523422305	37.029366862076756	7.687257755289986E-4
10.0	26.742177679841912	17.12305191113242	25.137760731199847	30.994551036778194	0.0024586410476269503
11.0	28.65892803936686	18.450452000135154	19.74194677978701	33.14867318071097	0.0
12.0	26.48193551655687	19.696911543675473	21.404720270326287	32.41643266944137	0.0
13.0	27.574908881642045	21.536773450987916	18.641549971225782	32.24630730865145	4.6038749280644537E-4
14.0	31.734356416650684	18.30147707653942	20.485862267408404	29.47784385190869	4.6038749280644537E-4
15.0	29.80794168425091	19.02060234030309	19.63782850565893	31.533320544791867	3.06924995204297E-4
16.0	30.56267024745828	17.670592748896986	19.248033761749472	32.51854977939766	1.534624976021485E-4
17.0	30.075887205064262	18.235488202570497	20.451026280452712	31.236830999424512	7.673124880107424E-4
18.0	31.301131785919818	18.214463840399002	18.43836562440054	32.04603874928064	0.0
19.0	30.638327258776137	18.454018799155953	19.63475925570689	31.27289468636102	0.0
20.0	30.11640130443123	18.2499136773451	19.52794935737579	32.10527527335507	4.6038749280644537E-4
21.0	30.362708613082678	17.337579129100327	19.44768847112987	32.85094954920391	0.0010742374832150394
22.0	28.58039516593133	19.156723575676192	19.75062344139651	32.51210435449837	1.534624976021485E-4
23.0	29.999002493765587	17.753769422597355	20.163130634951084	32.08271628620756	0.0013811624784193363
24.0	31.125570688662958	17.980586994053326	18.576021484749663	32.317667370036446	1.534624976021485E-4
25.0	29.60936121235373	18.238864377517743	19.291156723575675	32.86061768655285	0.0
26.0	31.998925762516784	17.865950508344525	19.987416075196624	30.147554191444463	1.534624976021485E-4
27.0	29.23368501822367	18.175484366008057	20.025321312104357	32.56489545367351	6.13849990408594E-4
28.0	30.357337425666604	18.028160368309994	19.967465950508345	31.646882793017454	1.534624976021485E-4
29.0	29.368118166123153	18.50496834835987	19.63076923076923	32.49614425474775	0.0
30.0	29.99200450571425	18.362627126057177	19.522203994063997	32.12193665911111	0.0012277150534746638
31.0	30.840131857608515	18.204084639325245	19.454982412846906	31.498499106830447	0.002301983388887866
32.0	29.321336271723315	18.446786698669744	19.599941068501728	32.63132209133154	6.138697736662145E-4
33.0	29.590613657466026	18.470805804307957	19.576264033088545	32.36231650513747	0.0
34.0	29.85220314010774	18.076952591433002	19.635188851543194	32.434581088754854	0.0010743281612106143
35.0	30.28394900444943	17.667698975631872	19.6939959578572	32.353741287491644	6.147745698499182E-4
36.0	31.028629677633614	17.473466695571556	19.26833730775558	32.22956631903925	0.0
37.0	29.440915452881555	18.820462340618608	19.22527954227356	32.51303505237092	3.076118553609056E-4
38.0	30.84197714371883	18.502139602730935	19.244114746102014	31.41176850744822	0.0
39.0	29.55992471869619	18.84697011233671	19.675865319160078	31.91662379985769	6.160499493298916E-4
40.0	29.933067249272387	18.630464823635677	19.687955964889255	31.747431156539257	0.0010808056634216763
41.0	29.952146441181938	18.37189493898284	20.41163352536703	31.26417022858205	1.548658861426005E-4
42.0	29.247975713214785	18.331959751730945	19.786404180654692	32.633505147438854	1.5520696072177445E-4
43.0	29.20265388226662	18.482505394196032	20.491882279055595	31.822958444481753	0.0
44.0	29.54205816972709	18.862352816642694	20.117964619954044	31.477624393676173	0.0
45.0	29.378198204095884	18.494289798011444	19.784248352871312	32.34295191023285	3.117347885113261E-4
46.0	30.282371445780498	17.547881121870994	19.62353594712089	32.54589940361203	3.1208161558410753E-4
47.0	29.711241572217716	18.02971452132071	19.958831347523713	32.29974402343927	4.6853549859205085E-4
48.0	30.134879336998267	17.839273349099734	19.157899014782174	32.867323061725	6.25237394823347E-4
49.0	29.530041716347615	17.75683093456511	20.175002112418202	32.537968761246674	1.5647542240540278E-4
50.0	29.791967141155073	18.473850881043457	19.84370100959428	31.88969712171568	7.838464915031041E-4
51.0	30.233541908121207	18.277630393314702	19.38691907413552	32.10175136774005	1.5725668852010447E-4
52.0	29.9894108419722	18.047807444604185	19.84480807742868	32.117815824399884	1.5781159504913464E-4
53.0	31.463897742332335	17.51667640413502	19.50106162154973	31.51820589916416	1.583328187516724E-4
54.0	30.228056273254637	18.22211070757631	19.547635192540096	32.001245011616405	9.528150125533378E-4
55.0	29.0050155242417	18.424010827163443	18.49183982167025	34.079133826924604	0.0
56.0	29.290292104994382	18.34353615565315	20.429316464099685	31.936855275252785	0.0
57.0	28.29678937507593	18.640456048136993	19.78617148484209	33.27642323211008	1.5985983489676253E-4
58.0	30.99806555339905	17.933985408379613	21.84099105158311	29.226957986638226	0.0
59.0	29.72177557825684	20.14214511061258	21.164505123835383	28.971253245523666	3.209417715343905E-4
60.0	31.482533394052233	19.15799196386475	19.583453349703834	29.77602129237919	0.0
61.0	29.427909935451375	20.82589307337361	19.687492936462064	30.056282270277602	0.0024217844353528863
62.0	30.978779324442712	16.429313086083262	21.879197897400953	30.712060741750218	6.489503228527857E-4
63.0	26.59936123520652	20.202895994983933	25.645949264571417	27.55179350523813	0.0
64.0	26.285471325805954	19.701257810011917	18.51272420438838	35.49972584929262	8.208105011212272E-4
65.0	27.718473040550577	19.29923586011124	18.606888811869748	34.374577082404976	8.252050634582693E-4
66.0	26.746687053181272	19.400410936414307	16.974260919747998	36.8749927447667	0.0036483458897237702
67.0	33.33688830824298	14.280167572629804	17.819256188155936	34.5600218630957	0.0036660678755803216
68.0	34.35693129760692	15.22713012501771	22.950161585221867	27.46375296014681	0.002024032006692799
69.0	31.720056730353324	16.998254318107012	20.657982488036133	30.62318947972476	5.169837787723014E-4
70.0	33.07588337516895	16.05986454171432	21.92768131655948	28.936199444502204	3.7132205504478144E-4
71.0	25.68018948135552	19.8406506647731	25.943669472759716	28.535256799559	2.3358155266329687E-4
