# Position (bp)	A	C	G	T	N
0.0	63.00037883571158	8.536431367596919	13.726480616239426	14.736709180452076	0.0
1.0	10.930203205856367	63.826833270225926	12.810803988388237	12.432159535529472	0.0
2.0	14.547738693467338	58.45477386934673	9.484924623115578	17.51256281407035	0.0
3.0	63.03204807210816	9.739609414121182	13.72058087130696	13.507761642463695	0.0
4.0	61.49130489178031	12.48592518453647	10.28399849868635	15.738771424996873	0.0
5.0	14.08221916781207	58.67799575159315	9.77133574909409	17.468449331500686	0.0
6.0	14.271444624797102	61.15619927581471	8.939942564614809	15.632413534773379	0.0
7.0	64.32047922126544	9.50954698614751	12.067889679271184	14.102084113315863	0.0
8.0	63.159207081411296	10.933798778207207	12.629347961600798	13.2776461787807	0.0
9.0	14.39601494396015	57.820672478206724	9.576587795765878	18.206724782067248	0.0
10.0	15.482265090230243	8.487865588052271	10.392034847542003	65.63783447417548	0.0
11.0	12.781020991181219	10.719165321078126	9.241088063594583	67.25872562414607	0.0
12.0	15.071888943976203	10.114030738720873	10.597421913733267	64.21665840356965	0.0
13.0	13.884093711467324	56.22688039457459	10.850801479654747	19.03822441430333	0.0
14.0	14.824830977258758	9.231714812538415	60.66379840196681	15.279655808236017	0.0
15.0	61.082600195503424	10.972629521016618	12.04789833822092	15.896871945259042	0.0
16.0	12.594489148988053	10.8022433552792	13.313825896122896	63.28944159960985	0.0
17.0	15.982511537527325	56.363857177556476	10.820986154967208	16.832645129948993	0.0
18.0	13.977451812340892	9.819372045096376	11.637774275669779	64.56540186689296	0.0
19.0	14.870428675224026	60.07507871155243	10.486800678130297	14.567691935093244	0.0
20.0	14.894387447193724	11.816535908267953	10.452625226312612	62.836451418225714	0.0
21.0	15.831325301204819	12.63855421686747	10.951807228915662	60.57831325301205	0.0
22.0	14.75823911474621	8.972816935289872	56.314649987972096	19.95429396199182	0.0
23.0	14.864215332852678	12.340783465513097	10.514299447248257	62.28070175438597	0.0
24.0	62.89761133117273	9.974792942023766	9.71071900132037	17.416876725483135	0.0
25.0	18.697529383545213	8.851043415687215	55.25305828735908	17.19836891340849	0.0
26.0	63.758389261744966	9.072387344199424	9.947267497603068	17.22195589645254	0.0
27.0	13.81500119817877	12.604840642223818	10.80757248981548	62.77258566978193	0.0
28.0	14.949132256134051	56.2657091561939	8.282465589467385	20.50269299820467	0.0
29.0	17.537983012322048	8.302428520157914	10.790764445507836	63.368824022012205	0.0
30.0	16.758637236084454	11.756238003838773	54.618522072936656	16.866602687140116	0.0
31.0	16.274321402834495	10.977660341100167	8.995916406437665	63.75210184962767	0.0
32.0	17.457831325301203	9.024096385542169	10.024096385542167	63.493975903614455	0.0
33.0	16.06192549588776	55.853894533139815	11.91340106434446	16.170778906627962	0.0
34.0	16.82639815601116	11.59771927696227	10.178333131141574	61.39754943588499	0.0
35.0	14.494163424124515	55.67850194552529	10.323443579766536	19.503891050583658	0.0
36.0	16.764203852718847	10.265788831992197	9.668373567422579	63.30163374786637	0.0
37.0	60.80137238083568	12.38818772209288	10.819752481313564	15.990687415757874	0.0
38.0	63.21402304486393	10.554057367001716	8.666339789164011	17.565579798970337	0.0
39.0	61.870327245986026	11.141071209707071	9.768353964946684	17.220247579360215	0.0
40.0	14.305059707004803	57.38027822233165	9.93475317001108	18.37990890065247	0.0
41.0	15.5589508530685	8.326967150496563	59.86758339699516	16.246498599439775	0.0
42.0	64.73300038417212	8.938404405173518	9.911640414905879	16.416954795748495	0.0
43.0	65.34411915767848	9.578839239856189	9.501797637390858	15.575243965074472	0.0
44.0	16.662361146990442	58.447429604753296	8.550762076982691	16.339447171273573	0.0
45.0	24.076067456045926	12.271259418729818	12.235378543236456	51.417294581987804	0.0
46.0	23.78640776699029	15.190129449838189	16.585760517799354	44.43770226537217	0.0
47.0	31.048286214660997	17.338003502626968	19.314485864398296	32.299224418313734	0.0
48.0	26.567615210274493	19.56685973306472	18.609921934021656	35.25560312263914	0.0
49.0	25.94744820616473	18.69631126831733	19.75745325922183	35.598787266296114	0.0
50.0	26.380055965403205	22.2335283642839	17.298397354362756	34.088018315950144	0.0
51.0	29.03390262554168	19.067040530206476	17.435635992862604	34.463420851389245	0.0
52.0	28.950727597651266	17.20704620883329	21.31733469491958	32.52489149859586	0.0
53.0	31.75416133162612	19.308578745198464	19.282970550576184	29.65428937259923	0.0
54.0	29.206513310933058	20.18609459808736	18.402688033083482	32.2047040578961	0.0
55.0	30.30617540217955	18.707836014530358	19.356512714063314	31.629475869226773	0.0
56.0	26.566155445801925	19.83363659994801	21.419287756693528	32.18092019755654	0.0
57.0	28.922594142259417	18.776150627615063	20.84205020920502	31.4592050209205	0.0
58.0	28.004207204838284	19.72127267946358	20.036813042334998	32.23770707336314	0.0
59.0	26.492340200739566	21.156893819334393	21.183306920232436	31.16745905969361	0.0
60.0	27.263102170460563	18.18422445738486	19.931180518793013	34.621492853361566	0.0
61.0	29.555732907688213	16.36073423782921	22.160148975791433	31.92338387869114	0.0
62.0	27.767404641237665	20.618831688450253	22.192584689250467	29.42117898106162	0.0
63.0	33.64535972185077	16.95640545600428	19.309975929392888	30.088258892752073	0.0
64.0	30.332261521972132	18.515541264737408	19.640943193997856	31.511254019292608	0.0
65.0	30.438289862866363	17.74670610379134	21.72627050282334	30.088733530518958	0.0
66.0	29.94882844061406	16.159439806086723	22.30002693239968	31.59170482089954	0.0
67.0	27.978436657681943	17.97843665768194	20.91644204851752	33.1266846361186	0.0
68.0	25.14177693761815	20.55090467188766	19.79476100459087	34.51255738590332	0.0
69.0	26.594301221166894	18.53459972862958	22.876526458616013	31.994572591587517	0.0
70.0	28.7306333242729	20.521880945909217	19.8695297635227	30.87795596629519	0.0
71.0	26.86242523110386	21.0984230560087	19.086460032626427	32.95269168026101	0.0
72.0	27.337149086944674	19.37857726901063	18.560915780866722	34.72335786317798	0.0
73.0	29.02078774617068	18.13457330415755	19.50218818380744	33.342450765864335	0.0
74.0	30.534140969162998	17.015418502202643	21.86123348017621	30.58920704845815	0.0
75.0	29.624516841524017	19.740474875759247	21.17614577581447	29.45886250690226	0.0
76.0	29.507743362831857	20.879424778761063	17.67146017699115	31.94137168141593	0.0
77.0	29.530946433527618	19.983347210657783	18.151540383014154	32.33416597280044	0.0
78.0	29.819193324061192	19.109874826147426	18.38664812239221	32.68428372739917	0.0
79.0	29.09698996655518	21.460423634336678	19.286510590858416	30.15607580824972	0.0
80.0	30.153846153846153	19.692307692307693	20.95104895104895	29.202797202797203	0.0
81.0	26.750700280112046	18.96358543417367	18.487394957983195	35.79831932773109	0.0
82.0	29.862475442043223	18.383384788099917	21.807465618860512	29.94667415099635	0.0
83.0	28.057351700871518	19.061006466123136	21.788023615406242	31.0936182175991	0.0
84.0	27.561936936936938	18.91891891891892	21.08671171171171	32.432432432432435	0.0
85.0	33.03294846522106	16.61503801745987	20.24781751619262	30.104196001126443	0.0
86.0	29.136081309994356	18.746470920383963	21.823828345567474	30.293619424054206	0.0
87.0	31.75771299179168	18.001698273422022	21.93603170110388	28.30455703368242	0.0
88.0	33.87142452563013	18.634947606910224	18.011894647408667	29.481733220050977	0.0
89.0	28.971962616822427	18.493344661568962	18.181818181818183	34.35287453979043	0.0
90.0	30.249716231555052	17.990919409761634	19.09761634506243	32.66174801362089	0.0
91.0	29.176136363636363	21.306818181818183	17.386363636363637	32.13068181818181	0.0
92.0	29.255774165953806	19.532363843741088	18.135158254918736	33.07670373538637	0.0
93.0	31.780508716776225	17.805087167762217	18.71963418119463	31.69476993426693	0.0
94.0	30.206540447504302	16.23637406769937	19.3631669535284	34.19391853126793	0.0
95.0	31.264367816091955	18.160919540229887	20.086206896551726	30.48850574712644	0.0
96.0	28.468416498413614	18.40207672339198	20.36342659359677	32.766080184597634	0.0
97.0	31.734104046242773	17.572254335260116	20.115606936416185	30.578034682080922	0.0
98.0	30.34782608695652	20.231884057971016	18.63768115942029	30.782608695652176	0.0
99.0	32.26837060702875	18.065640429857684	19.024106883531804	30.641882079581762	0.0
100.0	31.253644314868804	14.956268221574346	19.47521865889213	34.31486880466472	0.0
101.0	30.92934623277631	18.41102316036353	19.671650542362944	30.98798006449722	0.0
102.0	30.730701237477902	17.059516794342958	19.829110194460814	32.380671773718326	0.0
103.0	29.42916296953564	17.71665187814256	19.905353445726117	32.94883170659568	0.0
104.0	27.537091988130562	18.45697329376855	21.602373887240354	32.403560830860535	0.0
105.0	29.32061978545888	19.30870083432658	19.04052443384982	32.33015494636472	0.0
106.0	30.916144434497166	19.158460161145925	18.23336317517159	31.69203222918532	0.0
107.0	32.125748502994014	19.37125748502994	18.7125748502994	29.790419161676645	0.0
108.0	34.17341734173417	19.38193819381938	16.41164116411641	30.033003300330037	0.0
109.0	30.563083408611863	19.00030111412225	19.903643480879254	30.53297199638663	0.0
110.0	27.07199032062916	19.75196612220206	19.509981851179674	33.66606170598911	0.0
111.0	28.853155339805824	18.021844660194176	20.054611650485437	33.07038834951456	0.0
112.0	26.085636197995747	18.129365320376557	22.046765866990587	33.73823261463711	0.0
113.0	29.071537290715373	19.878234398782343	19.056316590563167	31.993911719939117	0.0
114.0	31.10296364191873	16.590284142988086	19.85945615643141	32.44729605866178	0.0
115.0	28.159509202453986	18.834355828220858	20.644171779141104	32.36196319018405	0.0
116.0	27.89910796677945	19.74776991694863	19.071055059981546	33.28206705629037	0.0
117.0	32.6845844918134	18.443002780352177	18.04139635464937	30.83101637318505	0.0
118.0	28.593556381660473	17.410161090458487	21.158612143742257	32.83767038413878	0.0
119.0	24.00373599003736	20.51681195516812	26.49439601494396	28.98505603985056	0.0
120.0	26.040688575899846	21.62754303599374	22.284820031298906	30.046948356807512	0.0
121.0	31.434864694776586	18.313404657016992	18.628067967275015	31.623662680931403	0.0
122.0	29.189018617860523	18.680971915430735	21.30009466708741	30.82991479962133	0.0
123.0	32.741679873217116	18.985736925515056	18.161648177496037	30.11093502377179	0.0
124.0	30.13392857142857	19.005102040816325	19.993622448979593	30.86734693877551	0.0
125.0	28.21497120921305	19.897632757517595	20.121561100447856	31.765834932821495	0.0
126.0	30.747034305867267	17.858287912792562	18.627765309394036	32.766912471946135	0.0
127.0	28.047603731103248	19.33097458990029	23.54454808620135	29.07687359279511	0.0
128.0	30.280554659787168	18.832634633989038	18.703643985811027	32.18316672041277	0.0
129.0	30.152547874066858	19.441739694904253	17.59169100941253	32.81402142161636	0.0
130.0	28.37573385518591	21.135029354207436	17.05805609915199	33.431180691454664	0.0
131.0	29.259501965923985	20.642201834862387	18.381389252948885	31.716906946264743	0.0
132.0	28.966425279789338	19.5194206714944	21.889400921658986	29.624753127057275	0.0
133.0	28.991735537190085	20.892561983471076	19.140495867768596	30.97520661157025	0.0
134.0	26.418851642880846	20.411549950215733	20.245602389644873	32.923996017258546	0.0
135.0	27.26364846870839	17.609853528628495	20.406125166444742	34.720372836218374	0.0
136.0	25.041792042795052	18.956870611835505	22.835172183216315	33.16616516215313	0.0
137.0	27.871054398925455	16.92411014103425	19.543317662860982	35.661517797179314	0.0
138.0	29.871881321645315	17.06001348617667	20.633850303438976	32.43425488873905	0.0
139.0	28.566587597424604	19.010504913588612	19.959335818366654	32.46357167062013	0.0
140.0	27.859337657903723	17.070672584499828	20.518948446568793	34.55104131102765	0.0
141.0	31.181318681318682	16.998626373626376	19.74587912087912	32.074175824175825	0.0
142.0	29.882271468144044	15.685595567867036	19.736842105263158	34.69529085872576	0.0
143.0	31.884561891515993	18.25452016689847	18.5326842837274	31.328233657858135	0.0
144.0	30.0	18.426573426573427	18.916083916083917	32.65734265734266	0.0
145.0	27.717200140696445	18.501582835033414	18.888498065423846	34.89271895884629	0.0
146.0	28.49576271186441	18.997175141242938	19.809322033898304	32.69774011299435	0.0
147.0	27.835051546391753	19.374333451830786	18.201208674013508	34.58940632776395	0.0
148.0	25.429184549356222	21.9241773962804	19.88555078683834	32.761087267525035	0.0
149.0	30.15075376884422	19.992821249102658	18.592964824120603	31.26346015793252	0.0
150.0	29.426613775694193	19.689866570501263	18.860439956725568	32.02307969707898	0.0
151.0	29.011227816008695	19.9203187250996	20.065193770373053	31.003259688518654	0.0
152.0	29.2896174863388	18.83424408014572	17.704918032786885	34.1712204007286	0.0
153.0	30.681818181818183	18.841642228739	19.244868035190617	31.2316715542522	0.0
154.0	29.771554900515845	16.507000736919675	19.78629329403095	33.93515106853353	0.0
155.0	30.08882309400444	18.46780162842339	18.65284974093264	32.79052553663953	0.0
156.0	29.653114509511376	15.703095859753823	20.92502797463633	33.71876165609847	0.0
157.0	29.221511846558855	18.503196690485144	20.27077848815344	32.00451297480256	0.0
158.0	29.64366944655042	20.887035633055344	15.883244882486732	33.586050037907505	0.0
159.0	34.74608629247805	14.62390225276823	20.351279114165713	30.27873234058801	0.0
160.0	23.41162880246438	21.024258760107816	23.180592991913745	32.383519445514054	0.0
161.0	29.34108527131783	18.449612403100776	21.782945736434108	30.426356589147286	0.0
162.0	28.153065208902774	18.937914877001173	21.202655212807496	31.706364701288557	0.0
163.0	29.952830188679247	17.492138364779876	17.21698113207547	35.338050314465406	0.0
164.0	30.833004342676666	16.225819186735098	21.515988945913936	31.425187524674296	0.0
165.0	29.603174603174605	18.492063492063494	21.825396825396826	30.07936507936508	0.0
166.0	27.55591054313099	20.527156549520768	19.688498402555908	32.22843450479233	0.0
167.0	26.434015242679504	20.497392699558763	22.543120738066584	30.525471319695146	0.0
168.0	26.957223567393058	18.80548829701372	20.62146892655367	33.61581920903955	0.0
169.0	26.223491027732464	18.3115823817292	21.04404567699837	34.42088091353997	0.0
170.0	30.573770491803277	16.106557377049178	18.934426229508198	34.385245901639344	0.0
171.0	29.452900041135333	19.004524886877828	17.11229946524064	34.4302756067462	0.0
172.0	29.280397022332505	20.885028949545077	17.700578990901572	32.13399503722084	0.0
173.0	29.09393183707398	18.495428096425602	19.16043225270158	33.25020781379884	0.0
174.0	29.7433740008414	20.3618005889777	18.300378628523347	31.594446781657552	0.0
175.0	27.89317507418398	18.18567189487071	21.280203476049174	32.640949554896146	0.0
176.0	28.03257608229747	21.174453493356193	18.302614659237033	32.4903557651093	0.0
177.0	28.799654576856646	22.150259067357513	19.343696027633854	29.70639032815199	0.0
178.0	28.67102396514161	20.697167755991288	20.392156862745097	30.239651416122005	0.0
179.0	25.481611208406306	18.08231173380035	25.83187390542907	30.604203152364274	0.0
180.0	28.793256433007986	15.394853593611357	21.517302573203196	34.29458740017746	0.0
181.0	28.654708520179373	18.475336322869957	21.210762331838566	31.659192825112108	0.0
182.0	32.023486901535684	18.654019873532068	18.60885275519422	30.713640469738028	0.0
183.0	27.371765773944624	23.24103495233772	20.562868815251928	28.82433045846573	0.0
184.0	27.99634034766697	20.128087831655993	20.448307410795973	31.42726440988106	0.0
185.0	25.7631822386679	22.01665124884366	23.12673450508788	29.093432007400555	0.0
186.0	29.748603351955303	17.830540037243946	22.811918063314714	29.608938547486037	0.0
187.0	31.194379391100703	19.859484777517565	17.704918032786885	31.24121779859485	0.0
188.0	28.564705882352943	19.294117647058822	21.03529411764706	31.105882352941176	0.0
189.0	28.068506184586106	20.076117982873456	20.21883920076118	31.636536631779254	0.0
190.0	28.74940105414471	17.872544321993292	20.795400095831337	32.582654528030666	0.0
191.0	27.25518572117704	20.019295706705257	20.164013506994692	32.56150506512301	0.0
192.0	30.233690360272643	20.399221032132424	21.178188899707887	28.18889970788705	0.0
193.0	29.569093610698367	18.77166914314017	20.60425953442298	31.054977711738484	0.0
194.0	26.853707414829657	20.99198396793587	22.595190380761522	29.559118236472948	0.0
195.0	26.267748478701826	20.689655172413794	21.044624746450307	31.997971602434077	0.0
196.0	27.151639344262296	20.59426229508197	20.799180327868854	31.454918032786882	0.0
197.0	27.908189880020867	18.622848200312987	23.839332290036516	29.629629629629626	0.0
198.0	25.52278820375335	24.18230563002681	20.26809651474531	30.02680965147453	0.0
199.0	28.081035453010696	23.297692740574	18.40180078784468	30.219471018570626	0.0
200.0	28.59909619109103	15.816655907036797	20.142027114267268	35.4422207876049	0.0
201.0	31.27177700348432	18.466898954703833	17.857142857142858	32.40418118466899	0.0
202.0	35.475352112676056	18.397887323943664	16.81338028169014	29.313380281690144	0.0
203.0	32.83185840707964	16.548672566371682	21.415929203539825	29.20353982300885	0.0
204.0	31.46167557932264	17.379679144385026	24.509803921568626	26.648841354723707	0.0
205.0	33.7219730941704	16.322869955156953	23.766816143497756	26.188340807174885	0.0
206.0	30.15301530153015	19.26192619261926	21.69216921692169	28.89288928892889	0.0
207.0	27.31397459165154	23.684210526315788	17.33212341197822	31.669691470054445	0.0
208.0	28.74196510560147	17.26354453627181	19.375573921028465	34.61891643709826	0.0
209.0	23.496762257169287	21.646623496762256	19.981498612395928	34.87511563367253	0.0
210.0	26.095060577819197	19.757688723205966	16.495806150978567	37.65144454799627	0.0
211.0	29.775280898876407	18.071161048689138	19.288389513108616	32.86516853932584	0.0
212.0	25.99243856332703	16.918714555765597	22.211720226843102	34.87712665406427	0.0
213.0	26.52671755725191	20.0381679389313	18.98854961832061	34.44656488549619	0.0
214.0	28.212560386473427	23.768115942028984	17.101449275362317	30.917874396135264	0.0
215.0	27.815866797257588	24.779627815866796	16.846229187071497	30.558276199804112	0.0
216.0	30.66271018793274	18.694362017804153	15.2324431256182	35.410484668644905	0.0
217.0	26.00401606425703	19.076305220883537	25.301204819277107	29.61847389558233	0.0
218.0	24.870466321243523	20.414507772020727	17.927461139896373	36.787564766839374	0.0
219.0	18.961625282167045	22.799097065462753	22.686230248306998	35.55304740406321	0.0
220.0	0.0	30.887372013651877	24.914675767918087	44.19795221843004	0.0
