# Position (bp)	A	C	G	T	N
0.0	46.23089088033738	10.929537866807241	18.151467228958005	24.68810402389738	0.0
1.0	17.166929963138493	43.39125855713534	21.80094786729858	17.640863612427594	0.0
2.0	21.633861696568545	39.26145270858735	15.71154851071242	23.393137084131684	0.0
3.0	45.65443213296399	15.183518005540167	17.53808864265928	21.623961218836566	0.0
4.0	44.507870610621	14.461165888254627	17.69590036325895	23.335063137865422	0.0
5.0	23.450181315834918	39.69953375928165	14.228975997237093	22.621308927646346	0.0
6.0	22.381363244176015	39.637618636755825	15.44434857635893	22.53666954270923	0.0
7.0	48.98275862068965	14.862068965517242	15.827586206896552	20.32758620689655	0.0
8.0	46.590909090909086	18.90495867768595	13.929063360881544	20.575068870523417	0.0
9.0	22.457408363448632	39.132679401135775	13.766993632765445	24.642918602650145	0.0
10.0	22.101823185414517	13.381492948056414	15.531475748194016	48.98520811833505	0.0
11.0	20.49124012366884	18.155273102026793	14.393679148059086	46.95980762624528	0.0
12.0	21.22512010981469	12.920384351407	16.283459162663007	49.57103637611531	0.0
13.0	21.138350762900735	36.61923538487913	15.360877764443682	26.881536087776443	0.0
14.0	20.53785542994176	14.73107228502912	43.096951010620074	21.634121274409043	0.0
15.0	42.41025641025641	16.64957264957265	18.17094017094017	22.76923076923077	0.0
16.0	19.99658761303532	16.396519365296026	17.505545128817605	46.101347892851045	0.0
17.0	23.92972880777759	37.09704929217124	16.56148729319461	22.41173460685656	0.0
18.0	20.088601124552735	16.493440109047537	19.134435167830976	44.28352359856875	0.0
19.0	24.82547250127703	39.996594585390774	14.387876723991146	20.79005618934105	0.0
20.0	22.59215219976219	17.733990147783253	14.761338542551384	44.91251910990318	0.0
21.0	22.386036265039824	17.200474495848162	17.776648025758345	42.63684121335367	0.0
22.0	21.31730443616661	12.800541821876058	39.265154080596005	26.61699966136133	0.0
23.0	20.084602368866328	16.869712351945854	17.749576988155667	45.29610829103215	0.0
24.0	45.55574295834036	13.81345926800472	14.100185528756956	26.53061224489796	0.0
25.0	23.21037561057773	14.502273875694796	38.38639043287856	23.90096008084891	0.0
26.0	48.42724978973927	14.785534062237174	14.297729184188393	22.489486963835155	0.0
27.0	19.032420628254663	18.763648580547624	12.34671594154208	49.857214849655634	0.0
28.0	22.14585079631182	37.50209555741827	11.466890192791283	28.885163453478626	0.0
29.0	26.48042823686852	11.74305787888926	12.177985948477751	49.598527935764466	0.0
30.0	23.292498741399566	15.858365497566707	36.281255244168484	24.567880516865245	0.0
31.0	23.21037561057773	12.716860367188815	15.192858345965977	48.87990567626748	0.0
32.0	22.516107154967784	12.444896575110207	14.716853170566294	50.322143099355706	0.0
33.0	24.658703071672356	37.26962457337884	13.907849829351534	24.16382252559727	0.0
34.0	25.924024640657084	14.185489390828199	15.28062970568104	44.609856262833674	0.0
35.0	22.22031276851693	38.9757690324798	15.500945179584122	23.30297301941914	0.0
36.0	23.44126765415088	16.25904236996211	14.571133310368584	45.728556665518425	0.0
37.0	43.81461061337009	14.869055823569951	17.091660923501035	24.224672639558925	0.0
38.0	44.133885438233264	16.804692891649413	14.009661835748794	25.051759834368532	0.0
39.0	46.60563136983935	17.291414752116083	10.86543444463638	25.23751943340819	0.0
40.0	24.123568205484208	37.07046164526206	15.845192641443942	22.960777507809787	0.0
41.0	21.4613483939287	13.67807977409107	42.11083656900812	22.749735262972116	0.0
42.0	46.38426090038993	13.541297412265155	15.313718539524993	24.76072314781992	0.0
43.0	48.07349268640742	14.680699250802713	14.323938637174455	22.921869425615412	0.0
44.0	24.927745664739884	38.168352601156066	13.890895953757227	23.01300578034682	0.0
45.0	31.784175923826798	19.179324416232145	16.57220584901383	32.464293810927224	0.0
46.0	27.064007421150276	17.67161410018553	21.451762523191096	33.8126159554731	0.0
47.0	31.75547098001903	17.673644148430068	18.83920076117983	31.731684110371077	0.0
48.0	27.109729858952903	19.029404733444895	19.507530480516376	34.35333492708582	0.0
49.0	27.735124760076772	18.953934740882914	20.41746641074856	32.89347408829175	0.0
50.0	25.180722891566266	23.46987951807229	20.433734939759034	30.91566265060241	0.0
51.0	28.543783260764393	17.827769714562166	18.31156265118529	35.31688437348814	0.0
52.0	29.606222654350994	16.820612542537678	20.24793388429752	33.32523091881381	0.0
53.0	30.77672266861456	18.553688823959096	23.033844655466275	27.635743851960072	0.0
54.0	29.73303943179035	22.287533676218466	17.60960078373745	30.369826108253733	0.0
55.0	30.13261296660118	18.393909626719058	21.439096267190568	30.0343811394892	0.0
56.0	27.99113737075332	19.596258000984736	20.6794682422452	31.733136386016742	0.0
57.0	29.193468579910935	19.594260267194457	19.247897080653143	31.964374072241462	0.0
58.0	29.276807980049874	19.600997506234414	20.972568578553616	30.149625935162096	0.0
59.0	24.680851063829788	25.50688360450563	20.450563204005007	29.361702127659573	0.0
60.0	26.59627953745601	17.873303167420815	19.356460532931123	36.173956762192056	0.0
61.0	29.629629629629626	17.132779037540942	24.741748551272362	28.49584278155707	0.0
62.0	28.437815975733066	19.28715874620829	23.20525783619818	29.069767441860467	0.0
63.0	32.766065532131066	18.211836423672846	19.68503937007874	29.33705867411735	0.0
64.0	29.480651731160894	20.44297352342159	20.95213849287169	29.124236252545828	0.0
65.0	29.29757343550447	18.825031928480204	20.919540229885058	30.95785440613027	0.0
66.0	28.854568854568857	17.374517374517374	20.411840411840412	33.35907335907336	0.0
67.0	28.13226556445363	17.540687160940323	19.710669077757686	34.61637819684836	0.0
68.0	26.918075422626785	19.14174252275683	17.76332899869961	36.17685305591677	0.0
69.0	27.205882352941174	20.22058823529412	22.899159663865547	29.67436974789916	0.0
70.0	29.810226673695304	23.11544544016869	18.107538218239323	28.96678966789668	0.0
71.0	26.788553259141494	19.263381028086908	21.091679915209326	32.85638579756227	0.0
72.0	29.739776951672862	18.454593733404142	18.93255443441317	32.873074880509826	0.0
73.0	28.53333333333333	20.826666666666664	19.813333333333333	30.826666666666668	0.0
74.0	33.16340220016099	17.198819425811646	20.713710759323853	28.924067614703514	0.0
75.0	30.059363194819213	20.8041014570966	21.505666486778196	27.63086886130599	0.0
76.0	27.937195452084463	21.08825121819166	18.191662154845694	32.78289117487818	0.0
77.0	29.15078933043005	19.896570495372888	18.916712030484486	32.035928143712574	0.0
78.0	30.637254901960787	19.362745098039216	19.63507625272331	30.36492374727669	0.0
79.0	26.763258611262984	22.635319846910882	19.491525423728813	31.109896118097318	0.0
80.0	29.298486932599726	18.459422283356258	21.62310866574966	30.61898211829436	0.0
81.0	27.450980392156865	17.867992267329466	19.497376415354875	35.183650925158794	0.0
82.0	30.241599555678977	18.439322410441545	21.549569564009996	29.769508469869482	0.0
83.0	28.03114571746385	20.689655172413794	21.301446051167964	29.97775305895439	0.0
84.0	29.619338705195887	19.8110586273965	18.532925812725757	32.03667685468186	0.0
85.0	33.68655883993307	17.345231455660905	20.91466815393196	28.053541550474066	0.0
86.0	29.804469273743017	18.798882681564248	23.212290502793294	28.18435754189944	0.0
87.0	31.13286713286713	17.93006993006993	20.727272727272727	30.20979020979021	0.0
88.0	34.61538461538461	17.995508141493545	18.079730488489613	29.309376754632225	0.0
89.0	30.214205186020294	18.883878241262682	18.82750845546787	32.074408117249156	0.0
90.0	29.20428893905192	19.497742663656886	18.17155756207675	33.12641083521445	0.0
91.0	30.392988408255583	19.366694939214025	17.58552445575346	32.654792196776924	0.0
92.0	29.23993193420306	19.030062393647192	18.37776517300057	33.352240499149175	0.0
93.0	32.01592266135911	16.974694341768554	19.533693488768836	31.4756895081035	0.0
94.0	30.253778157969773	15.79697747362418	19.503849443969205	34.44539492443684	0.0
95.0	30.160091480846198	18.210405946255005	20.440251572327046	31.189251000571755	0.0
96.0	28.165374677002585	16.566178581682458	21.159919609532015	34.10852713178294	0.0
97.0	30.388489208633096	18.676258992805757	20.258992805755398	30.676258992805757	0.0
98.0	31.591105977476175	21.513138896910196	18.019058619693908	28.876696505919725	0.0
99.0	31.088534107402033	20.37735849056604	17.677793904209	30.856313497822928	0.0
100.0	34.40139819399942	13.923681910865133	19.079522283716866	32.59539761141858	0.0
101.0	31.617431997660134	19.947353027200936	20.03509798186604	28.40011699327289	0.0
102.0	31.515330188679247	15.09433962264151	21.84551886792453	31.544811320754718	0.0
103.0	26.925355450236964	20.55687203791469	21.6824644549763	30.83530805687204	0.0
104.0	26.517857142857142	19.31547619047619	22.26190476190476	31.9047619047619	0.0
105.0	28.8272157564906	20.561026559236048	19.277827514174874	31.33393017009848	0.0
106.0	29.290206648697215	17.999401018268944	20.155735250074873	32.55465708295897	0.0
107.0	31.51096425352959	17.602883748873534	19.22499249023731	31.661159507359564	0.0
108.0	33.96681749622926	20.09049773755656	15.957767722473603	29.984917043740573	0.0
109.0	29.666666666666668	19.696969696969695	19.96969696969697	30.666666666666664	0.0
110.0	25.41033434650456	20.486322188449847	20.51671732522796	33.586626139817625	0.0
111.0	28.767541183648564	19.95118974984747	20.042708968883467	31.2385600976205	0.0
112.0	26.201408019589838	17.99816345270891	22.130394857667586	33.670033670033675	0.0
113.0	28.8260602335587	21.266133988936694	18.62323294406884	31.28457283343577	0.0
114.0	29.339098208770846	15.472513897467572	22.606547251389745	32.58184064237184	0.0
115.0	27.23338485316847	18.268933539412675	21.36012364760433	33.13755795981453	0.0
116.0	30.533168009919404	18.93986360818351	18.66088034717917	31.866088034717915	0.0
117.0	31.49875621890547	18.37686567164179	17.350746268656717	32.77363184079602	0.0
118.0	26.801872074882994	15.881435257410295	23.400936037441497	33.91575663026521	0.0
119.0	23.32498434564809	22.01001878522229	27.98998121477771	26.67501565435191	0.0
120.0	26.421614828777884	21.646245680175934	21.20640904806786	30.72573044297832	0.0
121.0	30.795957043588125	17.119393556538217	18.035375868603918	34.04927353126974	0.0
122.0	28.118057759441445	19.517613456045698	23.64328784512853	28.721040939384324	0.0
123.0	31.751592356687897	19.45859872611465	18.025477707006367	30.76433121019108	0.0
124.0	30.53777208706786	18.469910371318825	20.134443021766966	30.85787451984635	0.0
125.0	29.85218508997429	18.76606683804627	21.65809768637532	29.72365038560411	0.0
126.0	31.050080775444265	18.416801292407108	18.546042003231015	31.98707592891761	0.0
127.0	27.399481193255514	20.103761348897535	23.897535667963684	28.599221789883266	0.0
128.0	28.907014681892335	19.347471451876018	21.924959216965743	29.820554649265908	0.0
129.0	29.195402298850574	20.82101806239737	17.372742200328407	32.610837438423644	0.0
130.0	28.458498023715418	19.79578392621871	18.939393939393938	32.80632411067194	0.0
131.0	29.405940594059405	20.726072607260726	21.55115511551155	28.316831683168314	0.0
132.0	27.79807372965792	20.890069744271006	19.86051145798738	31.45134506808369	0.0
133.0	30.820547031354234	21.447631754503004	19.012675116744497	28.71914609739827	0.0
134.0	24.92462311557789	21.54103852596315	20.167504187604692	33.36683417085427	0.0
135.0	25.24468444144448	17.178535268309147	19.372257846776915	38.20452244346946	0.0
136.0	24.1869918699187	20.121951219512198	21.71409214092141	33.976964769647694	0.0
137.0	28.537414965986397	16.904761904761905	21.156462585034014	33.40136054421769	0.0
138.0	31.77154582763338	18.194254445964432	19.35704514363885	30.67715458276334	0.0
139.0	29.316855475454854	17.71369721936148	21.00926879505664	31.96017851012702	0.0
140.0	29.32874354561101	18.691910499139414	20.206540447504302	31.772805507745268	0.0
141.0	28.675703858185607	17.066388599235317	20.472714633298576	33.7851929092805	0.0
142.0	31.265249215754622	15.440920181247822	19.449285465318926	33.84454513767864	0.0
143.0	30.720562390158175	19.92970123022847	18.9103690685413	30.439367311072058	0.0
144.0	27.764040974920523	17.09643235605793	19.604380077711056	35.53514659131049	0.0
145.0	28.931487397941076	18.991835285765	18.565850195243165	33.51082712105076	0.0
146.0	30.60206626291414	19.843249020306377	18.59636622728892	30.958318489490562	0.0
147.0	29.314675278076784	20.021528525296016	16.79224973089343	33.871546465733765	0.0
148.0	24.34091729866378	21.921271217045867	20.837847598410978	32.89996388587938	0.0
149.0	29.017047515415307	18.969894813202757	20.02176278563656	31.991294885745376	0.0
150.0	28.47247539190667	19.65001822821728	17.754283631060883	34.12322274881517	0.0
151.0	29.446277961129447	18.26182618261826	19.948661532819948	32.34323432343234	0.0
152.0	28.950276243093924	20.699815837937386	17.753222836095762	32.59668508287293	0.0
153.0	30.37037037037037	20.48148148148148	18.666666666666668	30.48148148148148	0.0
154.0	33.33333333333333	15.754189944134078	20.26070763500931	30.651769087523277	0.0
155.0	28.640776699029125	21.172516803584767	19.902912621359224	30.283793876026888	0.0
156.0	31.8557475582269	17.129977460555974	17.881292261457553	33.13298271975958	0.0
157.0	27.21423164269493	18.77365632096896	21.725965177895535	32.286146858440574	0.0
158.0	25.799086757990867	23.554033485540334	17.427701674277017	33.21917808219178	0.0
159.0	35.273841440061275	14.400612792033703	19.149751053236308	31.175794714668708	0.0
160.0	26.95117262591311	19.76163014225298	22.837370242214533	30.44982698961938	0.0
161.0	28.984947896565032	17.290621381705908	23.195677344654573	30.52875337707449	0.0
162.0	29.471228615863144	18.623639191290824	19.12908242612753	32.77604976671851	0.0
163.0	28.2642689601251	17.591868647380764	18.569194683346364	35.574667709147775	0.0
164.0	29.298107255520506	16.246056782334385	23.462145110410095	30.993690851735018	0.0
165.0	29.50039651070579	16.97065820777161	21.96669310071372	31.56225218080888	0.0
166.0	25.159235668789808	23.60668789808917	20.302547770700638	30.931528662420384	0.0
167.0	26.140912730184144	20.09607686148919	23.979183346677342	29.78382706164932	0.0
168.0	26.453957996768985	20.678513731825525	18.659127625201936	34.20840064620355	0.0
169.0	26.907467532467532	17.613636363636363	21.428571428571427	34.05032467532468	0.0
170.0	30.028559771521827	18.2374541003672	19.420644634842922	32.313341493268055	0.0
171.0	30.481283422459892	18.593171534348006	16.37186343068696	34.553681612505144	0.0
172.0	32.31278444352503	20.23169218038891	17.21141911460488	30.244104261481176	0.0
173.0	28.672492717436537	17.10362047440699	20.307948397836036	33.915938410320436	0.0
174.0	30.78209953994145	19.155165202844	16.68757841907152	33.37515683814304	0.0
175.0	27.19630096679277	17.61244220260614	22.530474989491385	32.66078184110971	0.0
176.0	25.052988554472233	21.195421788893597	20.77151335311573	32.98007630351844	0.0
177.0	28.431372549019606	22.59164535379369	19.30946291560102	29.66751918158568	0.0
178.0	28.559139784946236	19.655913978494624	20.903225806451616	30.881720430107528	0.0
179.0	24.55531453362256	18.56832971800434	28.373101952277658	28.503253796095446	0.0
180.0	31.588132635253054	16.31762652705061	20.94240837696335	31.151832460732987	0.0
181.0	29.631255487269538	18.437225636523266	20.017559262510975	31.913959613696225	0.0
182.0	32.83384750991626	18.64257382106655	18.81886293521375	29.70471573380344	0.0
183.0	26.8	21.73333333333333	22.044444444444444	29.42222222222222	0.0
184.0	28.494863778472535	20.94685127288968	18.535060294774453	32.02322465386333	0.0
185.0	26.810616284300494	23.616734143049932	23.52676563202879	26.045883940620783	0.0
186.0	32.33965672990063	16.89250225835592	20.91237579042457	29.855465221318877	0.0
187.0	31.360946745562128	20.846609012289484	18.115612198452435	29.67683204369595	0.0
188.0	27.94319743472286	21.988089784699955	20.659642693541	29.409070087036188	0.0
189.0	29.865926953305593	17.8455848358761	19.509939898289414	32.77854831252889	0.0
190.0	29.771348576761547	17.918805412972468	20.43863742417172	31.871208586094262	0.0
191.0	26.44434006575857	21.46547674964772	20.244246124941288	31.845937059652417	0.0
192.0	31.131178707224333	19.866920152091254	19.91444866920152	29.087452471482887	0.0
193.0	28.85261641862698	18.098895823331734	23.85981757081133	29.18867018722996	0.0
194.0	28.647600581677167	20.358700920988852	23.267086766844404	27.72661173048958	0.0
195.0	28.08823529411765	21.61764705882353	21.176470588235293	29.117647058823533	0.0
196.0	30.505952380952383	19.047619047619047	19.791666666666664	30.654761904761905	0.0
197.0	26.0694514343231	19.577252138902868	23.15047810770005	31.202818319073984	0.0
198.0	27.028423772609816	24.496124031007753	17.31266149870801	31.16279069767442	0.0
199.0	28.733766233766232	23.051948051948052	19.85930735930736	28.354978354978357	0.0
200.0	25.834363411619282	14.276885043263288	24.53646477132262	35.35228677379481	0.0
201.0	32.41616509028375	19.002579535683576	16.251074806534824	32.33018056749785	0.0
202.0	37.80276816608997	17.041522491349482	19.377162629757784	25.77854671280277	0.0
203.0	30.77593722755013	17.785527462946817	21.708805579773323	29.72972972972973	0.0
204.0	32.27792436235708	16.710642040457344	25.94547053649956	25.065963060686013	0.0
205.0	36.59839715048976	15.138023152270705	25.467497773820124	22.79608192341941	0.0
206.0	28.225806451612907	21.415770609318997	23.835125448028673	26.523297491039425	0.0
207.0	29.128856624319422	23.321234119782215	15.245009074410163	32.30490018148821	0.0
208.0	32.449725776965266	16.453382084095065	21.389396709323584	29.70749542961609	0.0
209.0	22.74401473296501	23.112338858195212	18.96869244935543	35.17495395948435	0.0
210.0	23.973880597014926	17.537313432835823	19.776119402985074	38.71268656716418	0.0
211.0	30.72573044297832	19.038642789820923	19.227144203581528	31.00848256361923	0.0
212.0	29.22201138519924	19.165085388994306	22.106261859582542	29.506641366223906	0.0
213.0	25.404376784015227	22.074215033301616	16.175071360608946	36.346336822074214	0.0
214.0	30.422264875239925	26.967370441458733	18.330134357005758	24.280230326295584	0.0
215.0	30.598455598455597	23.84169884169884	15.926640926640925	29.633204633204635	0.0
216.0	30.24390243902439	18.146341463414632	17.170731707317074	34.4390243902439	0.0
217.0	25.496031746031743	16.666666666666664	28.273809523809522	29.563492063492063	0.0
218.0	25.71428571428571	21.53061224489796	18.6734693877551	34.08163265306122	0.0
219.0	20.56497175141243	20.903954802259886	22.598870056497177	35.932203389830505	0.0
220.0	0.0	29.761904761904763	24.829931972789115	45.40816326530612	0.0
