# Position (bp)	A	C	G	T	N
0.0	80.35552877372703	5.031636034950286	6.914733353419705	7.698101837902984	0.0
1.0	5.86019885507683	80.38565833082254	6.05604097619765	7.698101837902984	0.0
2.0	8.217124006597691	78.76743139901035	4.588394062078273	8.42705053231369	0.0
3.0	80.67264573991031	5.112107623318385	6.591928251121076	7.623318385650224	0.0
4.0	80.28695262292632	6.501270363174413	4.9170527574353615	8.294724256463907	0.0
5.0	7.708395578129669	79.66835972512698	5.079175380938153	7.544069315805199	0.0
6.0	7.897879964168409	78.60555389668558	4.434159450582263	9.06240668856375	0.0
7.0	82.68398268398268	4.582773548290789	5.2395879982086875	7.493655769517839	0.0
8.0	81.59976122966721	5.446948216684077	5.446948216684077	7.506342336964631	0.0
9.0	8.875298329355608	78.20704057279237	5.101431980906921	7.816229116945108	0.0
10.0	7.977930211750671	4.816582165225172	5.204294661497167	82.001192961527	0.0
11.0	8.345752608047691	5.350223546944859	4.649776453055142	81.65424739195231	0.0
12.0	6.196008340780459	4.855525767053917	5.853440571939231	83.09502532022638	0.0
13.0	7.954207552780256	77.52007136485281	5.263157894736842	9.262563187630093	0.0
14.0	8.89780154486037	5.600118835412953	77.34699940582294	8.155080213903744	0.0
15.0	79.2623315064435	6.191675307361872	5.747296696785662	8.798696489408977	0.0
16.0	6.870002961208173	6.766360675155464	5.241338466094167	81.1222978975422	0.0
17.0	7.782216304187011	76.99363811214677	5.607338363663264	9.616807220002958	0.0
18.0	7.543262830942169	5.487353941724598	6.374796627717794	80.59458659961544	0.0
19.0	9.447072738024838	77.20283855706683	5.603193376700178	7.746895328208161	0.0
20.0	7.9840613931523015	5.681818181818182	5.593270365997639	80.74085005903187	0.0
21.0	8.135593220338983	5.52689756816507	5.6448047162859245	80.69270449521002	0.0
22.0	8.766759982319138	5.451598644467364	77.14748784440843	8.634153528805069	0.0
23.0	7.80674620709972	5.803505670938282	5.891883929886581	80.49786419207543	0.0
24.0	80.40341578327444	5.197290930506479	5.30035335689046	9.09893992932862	0.0
25.0	9.949955843391226	5.1074477480129525	76.08183691492493	8.860759493670885	0.0
26.0	79.76155431262879	5.0338534000588755	4.871945834559906	10.332646452752428	0.0
27.0	6.401766004415011	7.314201618837381	3.8410596026490067	82.44297277409859	0.0
28.0	7.682119205298013	76.89477557027226	4.827078734363503	10.596026490066226	0.0
29.0	8.297778431661026	4.045902604090039	4.6785346476386644	82.97778431661027	0.0
30.0	9.92343934040047	4.932273262661955	76.17785630153121	8.96643109540636	0.0
31.0	8.637971698113207	6.618514150943396	4.245283018867925	80.49823113207547	0.0
32.0	7.761546406964734	6.905710491367861	4.13162166150214	81.20112144016527	0.0
33.0	7.733175914994097	77.64167650531287	4.811097992916174	9.81404958677686	0.0
34.0	9.3952802359882	4.867256637168142	6.091445427728614	79.64601769911505	0.0
35.0	8.035450516986705	77.14918759231905	5.081240768094535	9.734121122599705	0.0
36.0	9.140578854105138	4.946839929119905	5.242173656231541	80.67040756054341	0.0
37.0	79.49666913397483	6.380458919319023	5.462620281273131	8.660251665433012	0.0
38.0	81.3037037037037	5.407407407407407	4.207407407407407	9.081481481481482	0.0
39.0	81.46609289212049	5.846564772221398	3.5465202552307464	9.140822080427363	0.0
40.0	6.806519770600664	77.69393299124661	6.851795955327497	8.647751282825233	0.0
41.0	7.287080613329285	5.283133444663732	78.70047062395628	8.729315318050707	0.0
42.0	81.84858619641228	4.971115840681058	5.366372757677105	7.813925205229554	0.0
43.0	80.64859926918392	6.775274056029233	4.841656516443361	7.734470158343483	0.0
44.0	9.225826193390454	78.12117503059976	4.513463892288862	8.13953488372093	0.0
45.0	17.039689644882124	6.565204416592062	9.847806624888094	66.54729931363772	0.0
46.0	25.320056899004268	13.655761024182079	18.255097202465624	42.76908487434803	0.0
47.0	29.54808806488992	17.61297798377752	16.685979142526072	36.152954808806484	0.0
48.0	27.871720116618075	17.08454810495627	17.667638483965014	37.376093294460645	0.0
49.0	25.10239906377999	18.431831480397893	24.049151550614393	32.41661790520772	0.0
50.0	28.944246737841045	22.182680901542113	16.6073546856465	32.26571767497035	0.0
51.0	30.279595478881618	16.835217132659132	18.560380725758478	34.32480666270077	0.0
52.0	28.212791392707707	15.301852958756722	19.426180514046624	37.05917513448894	0.0
53.0	30.22974607013301	19.044740024183795	21.704957678355502	29.020556227327692	0.0
54.0	27.058111380145277	22.15496368038741	18.765133171912833	32.02179176755448	0.0
55.0	31.76043557168784	14.821536600120991	19.84271022383545	33.57531760435572	0.0
56.0	26.420798065296253	20.072551390568318	20.918984280532044	32.58766626360339	0.0
57.0	28.952150211992734	17.322834645669293	21.078134463961234	32.646880678376746	0.0
58.0	28.18181818181818	17.81818181818182	21.151515151515152	32.84848484848485	0.0
59.0	33.27250608272506	17.63990267639903	19.038929440389293	30.04866180048662	0.0
60.0	29.88435788192331	18.441874619598295	19.72002434570907	31.953743152769327	0.0
61.0	26.21951219512195	20.548780487804876	22.926829268292686	30.304878048780488	0.0
62.0	28.562691131498468	18.89908256880734	21.467889908256883	31.07033639143731	0.0
63.0	34.27518427518427	18.67321867321867	19.84029484029484	27.21130221130221	0.0
64.0	29.70112079701121	18.119551681195517	19.73848069738481	32.44084682440847	0.0
65.0	27.91277258566978	17.38317757009346	23.302180685358255	31.401869158878505	0.0
66.0	28.9375	18.5625	21.3125	31.1875	0.0
67.0	29.831144465290805	18.19887429643527	18.01125703564728	33.95872420262664	0.0
68.0	27.209595959595962	19.002525252525253	18.560606060606062	35.22727272727273	0.0
69.0	28.752374920835972	19.379354021532617	20.96263457884737	30.905636478784043	0.0
70.0	26.63284717818643	20.862396956246037	21.623335447051364	30.88142041851617	0.0
71.0	27.601522842639593	20.621827411167512	18.14720812182741	33.629441624365484	0.0
72.0	28.36294416243655	17.766497461928935	23.477157360406093	30.393401015228427	0.0
73.0	31.448538754764932	18.742058449809402	20.90216010165184	28.907242693773828	0.0
74.0	29.262086513994912	16.793893129770993	21.755725190839694	32.1882951653944	0.0
75.0	27.735368956743002	20.165394402035624	21.755725190839694	30.343511450381676	0.0
76.0	27.579617834394902	19.49044585987261	20.31847133757962	32.611464968152866	0.0
77.0	26.977040816326532	23.08673469387755	17.21938775510204	32.71683673469388	0.0
78.0	30.612244897959183	21.10969387755102	17.793367346938776	30.484693877551024	0.0
79.0	32.015306122448976	19.005102040816325	17.602040816326532	31.377551020408163	0.0
80.0	29.802169751116786	21.1869814932993	20.548819400127634	28.462029355456288	0.0
81.0	29.70360824742268	17.783505154639176	19.329896907216497	33.18298969072165	0.0
82.0	30.625402965828496	17.2147001934236	19.406834300451322	32.75306254029658	0.0
83.0	26.434558349451965	20.05157962604771	21.21212121212121	32.30174081237911	0.0
84.0	29.567462879276952	19.690122659780503	20.335700451904454	30.406714009038087	0.0
85.0	31.351001939237232	18.358112475759533	21.137685843568196	29.15319974143504	0.0
86.0	31.306597671410092	18.434670116429498	21.410090556274255	28.84864165588616	0.0
87.0	34.715025906735754	20.142487046632123	20.2720207253886	24.870466321243523	0.0
88.0	34.65798045602606	19.413680781758956	16.872964169381106	29.05537459283388	0.0
89.0	31.76777560339204	16.69928245270711	16.829745596868882	34.70319634703196	0.0
90.0	31.499672560576293	16.830386378519975	21.54551407989522	30.12442698100851	0.0
91.0	30.708661417322837	21.128608923884514	15.94488188976378	32.21784776902887	0.0
92.0	31.69291338582677	19.160104986876643	16.27296587926509	32.874015748031496	0.0
93.0	31.40223831468071	16.260697827518104	17.774851876234365	34.56221198156682	0.0
94.0	28.919631093544133	17.654808959156785	21.277997364953887	32.14756258234519	0.0
95.0	30.54089709762533	14.973614775725594	20.58047493403694	33.90501319261214	0.0
96.0	27.770448548812666	18.86543535620053	18.073878627968337	35.29023746701847	0.0
97.0	28.55254461335096	16.920026437541306	19.56378056840714	34.9636483807006	0.0
98.0	28.656518861681008	22.501654533421576	17.339510258107214	31.502316346790206	0.0
99.0	31.366047745358088	18.169761273209552	16.578249336870027	33.88594164456234	0.0
100.0	32.281879194630875	13.557046979865772	18.65771812080537	35.50335570469799	0.0
101.0	32.68325487558844	18.426361802286483	20.376597175521184	28.5137861466039	0.0
102.0	31.95945945945946	15.135135135135137	20.472972972972972	32.432432432432435	0.0
103.0	27.548209366391184	15.909090909090908	21.349862258953166	35.192837465564736	0.0
104.0	25.552486187845304	19.613259668508288	19.88950276243094	34.944751381215475	0.0
105.0	28.561549100968186	19.847856154910097	18.118948824343015	33.471645919778695	0.0
106.0	32.19034289713086	17.914625612316303	17.35479356193142	32.540237928621416	0.0
107.0	32.37561317449194	18.36019621583742	17.168885774351786	32.09530483531885	0.0
108.0	33.98738612473721	18.07988787666433	17.02873160476524	30.903994393833216	0.0
109.0	28.350877192982455	20.771929824561404	20.07017543859649	30.80701754385965	0.0
110.0	26.84469430780042	19.747013352073083	19.747013352073083	33.661278988053404	0.0
111.0	28.83263009845288	18.635724331926866	20.042194092827003	32.48945147679325	0.0
112.0	26.76056338028169	19.507042253521124	21.549295774647888	32.183098591549296	0.0
113.0	29.752650176678447	19.29328621908127	18.939929328621908	32.014134275618375	0.0
114.0	28.642501776830137	16.986496090973702	19.189765458422176	35.18123667377399	0.0
115.0	26.304503216583274	20.65761258041458	19.08506075768406	33.95282344531809	0.0
116.0	31.99713672154617	18.11023622047244	17.823908375089477	32.06871868289191	0.0
117.0	32.78335724533716	19.15351506456241	18.436154949784793	29.626972740315637	0.0
118.0	27.85355348169419	17.946877243359655	21.033740129217517	33.165829145728644	0.0
119.0	23.58015815959741	19.6980589503954	28.971962616822427	27.74982027318476	0.0
120.0	26.096333572969087	23.436376707404744	22.93314162473041	27.534148094895762	0.0
121.0	30.597552195824335	18.790496760259177	17.92656587473002	32.68538516918647	0.0
122.0	30.08658008658009	17.893217893217894	21.06782106782107	30.952380952380953	0.0
123.0	32.851985559566785	18.555956678700362	16.24548736462094	32.34657039711191	0.0
124.0	30.021754894851345	19.506889050036257	19.724437998549675	30.746918056562727	0.0
125.0	29.52727272727273	18.836363636363636	18.618181818181817	33.018181818181816	0.0
126.0	30.3935860058309	18.14868804664723	19.825072886297377	31.63265306122449	0.0
127.0	29.154518950437318	19.096209912536445	20.33527696793003	31.41399416909621	0.0
128.0	30.690161527165934	16.299559471365637	20.851688693098385	32.158590308370044	0.0
129.0	28.89705882352941	17.426470588235293	18.014705882352942	35.661764705882355	0.0
130.0	32.10332103321033	18.523985239852397	14.612546125461254	34.760147601476014	0.0
131.0	31.236121391561806	19.689119170984455	18.50481125092524	30.569948186528496	0.0
132.0	30.059523809523807	18.154761904761905	22.544642857142858	29.24107142857143	0.0
133.0	28.65671641791045	21.26865671641791	19.850746268656717	30.223880597014922	0.0
134.0	27.694610778443113	19.610778443113773	20.508982035928145	32.18562874251497	0.0
135.0	27.94007490636704	17.677902621722847	21.273408239700377	33.10861423220974	0.0
136.0	24.831207801950487	17.104276069017253	23.63090772693173	34.433608402100525	0.0
137.0	29.301277235161532	15.251690458302027	20.36063110443276	35.08640120210369	0.0
138.0	28.57142857142857	16.691729323308273	21.804511278195488	32.932330827067666	0.0
139.0	27.86144578313253	19.503012048192772	20.03012048192771	32.605421686746986	0.0
140.0	28.323262839879153	16.238670694864048	22.58308157099698	32.85498489425982	0.0
141.0	31.96969696969697	17.727272727272727	19.242424242424242	31.060606060606062	0.0
142.0	30.851063829787233	16.109422492401215	19.832826747720365	33.20668693009118	0.0
143.0	32.3394495412844	18.807339449541285	16.972477064220186	31.880733944954127	0.0
144.0	34.58588957055215	16.257668711656443	18.328220858895705	30.828220858895705	0.0
145.0	31.92307692307692	17.692307692307693	18.0	32.38461538461539	0.0
146.0	28.758673862760215	18.427139552814186	19.043947571318427	33.77023901310717	0.0
147.0	29.566563467492262	18.4984520123839	18.188854489164086	33.746130030959755	0.0
148.0	26.976744186046513	20.852713178294575	19.069767441860467	33.10077519379845	0.0
149.0	30.94867807153966	20.45101088646967	17.573872472783826	31.026438569206842	0.0
150.0	29.163408913213445	20.71931196247068	17.200938232994528	32.91634089132135	0.0
151.0	28.213166144200624	19.122257053291534	20.846394984326018	31.818181818181817	0.0
152.0	28.425196850393704	18.818897637795278	17.086614173228345	35.669291338582674	0.0
153.0	32.67561168113654	18.153117600631415	17.837411207576952	31.333859510655092	0.0
154.0	33.860759493670884	14.63607594936709	19.77848101265823	31.7246835443038	0.0
155.0	30.500397140587772	21.842732327243844	15.726767275615568	31.930103256552822	0.0
156.0	31.125299281723862	16.679968076616124	18.27613727055068	33.91859537110934	0.0
157.0	30.61550759392486	18.145483613109512	20.46362909672262	30.775379696243004	0.0
158.0	28.846153846153843	22.115384615384613	16.185897435897438	32.8525641025641	0.0
159.0	35.720032180209174	15.12469831053902	18.98632341110217	30.16894609814964	0.0
160.0	27.199354317998388	19.774011299435028	21.54963680387409	31.476997578692494	0.0
161.0	28.259109311740893	19.190283400809715	23.157894736842106	29.392712550607285	0.0
162.0	29.983660130718953	20.751633986928105	20.34313725490196	28.921568627450984	0.0
163.0	29.27228127555192	18.315617334423546	16.43499591169256	35.97710547833197	0.0
164.0	28.794093519278096	15.668580803937655	22.313371616078754	33.223954060705495	0.0
165.0	29.99178307313065	18.159408381265408	22.103533278553822	29.745275267050125	0.0
166.0	27.45259686727123	19.538334707337178	18.878812860676007	34.13025556471558	0.0
167.0	27.091963545981773	19.63545981772991	22.452361226180614	30.820215410107703	0.0
168.0	29.485049833887047	18.6046511627907	19.186046511627907	32.72425249169435	0.0
169.0	26.35529608006672	18.181818181818183	22.51876563803169	32.9441201000834	0.0
170.0	29.131886477462437	17.696160267111853	19.115191986644408	34.05676126878131	0.0
171.0	30.536912751677853	18.20469798657718	16.778523489932887	34.47986577181208	0.0
172.0	29.96632996632997	21.71717171717172	15.572390572390574	32.744107744107744	0.0
173.0	30.269814502529513	18.296795952782464	21.079258010118043	30.354131534569984	0.0
174.0	30.320945945945947	20.27027027027027	18.66554054054054	30.743243243243246	0.0
175.0	27.5190516511431	18.79762912785775	22.269263336155802	31.41405588484335	0.0
176.0	29.166666666666668	18.282312925170068	19.217687074829932	33.33333333333333	0.0
177.0	28.74251497005988	23.267750213857997	17.70744225834046	30.28229255774166	0.0
178.0	25.88438308886972	21.484037963761864	20.017256255392578	32.614322691975836	0.0
179.0	26.041666666666668	18.92361111111111	23.177083333333336	31.85763888888889	0.0
180.0	29.95633187772926	14.847161572052403	21.048034934497817	34.148471615720524	0.0
181.0	28.059440559440556	20.27972027972028	18.61888111888112	33.04195804195804	0.0
182.0	33.50831146106737	16.710411198600177	19.335083114610676	30.446194225721783	0.0
183.0	28.92416225749559	22.486772486772484	21.516754850088184	27.07231040564374	0.0
184.0	28.17777777777778	20.977777777777778	18.22222222222222	32.62222222222223	0.0
185.0	28.328865058087576	19.928507596067917	23.14566577301162	28.596961572832885	0.0
186.0	30.098831985624436	17.16082659478886	22.0125786163522	30.727762803234505	0.0
187.0	30.26196928635953	21.499548328816623	17.70551038843722	30.53297199638663	0.0
188.0	29.92766726943942	18.44484629294756	20.43399638336347	31.193490054249544	0.0
189.0	28.844404003639674	19.472247497725203	20.01819836214741	31.665150136487718	0.0
190.0	29.83576642335766	17.427007299270073	19.06934306569343	33.667883211678834	0.0
191.0	28.57142857142857	19.230769230769234	20.238095238095237	31.959706959706956	0.0
192.0	31.70955882352941	19.852941176470587	20.036764705882355	28.400735294117645	0.0
193.0	29.460966542750928	18.21561338289963	20.53903345724907	31.784386617100374	0.0
194.0	27.009345794392527	22.429906542056074	22.61682242990654	27.943925233644862	0.0
195.0	27.485928705440898	19.887429643527206	19.9812382739212	32.645403377110696	0.0
196.0	29.556185080264402	19.35788479697828	19.452313503305003	31.633616619452315	0.0
197.0	30.78393881453155	20.55449330783939	19.78967495219885	28.87189292543021	0.0
198.0	26.20689655172414	25.12315270935961	20.492610837438423	28.177339901477833	0.0
199.0	27.479338842975203	25.826446280991732	18.801652892561986	27.892561983471076	0.0
200.0	28.292682926829265	16.585365853658537	19.26829268292683	35.853658536585364	0.0
201.0	32.758620689655174	18.275862068965516	17.586206896551722	31.379310344827587	0.0
202.0	36.26943005181347	17.616580310880828	17.271157167530223	28.842832469775477	0.0
203.0	37.10801393728223	16.376306620209057	18.466898954703833	28.04878048780488	0.0
204.0	36.077057793345006	16.28721541155867	22.416812609457093	25.21891418563923	0.0
205.0	34.859154929577464	17.429577464788732	23.06338028169014	24.647887323943664	0.0
206.0	33.629893238434164	19.217081850533805	18.86120996441281	28.291814946619215	0.0
207.0	29.159212880143116	23.613595706618963	16.636851520572453	30.590339892665476	0.0
208.0	26.08695652173913	18.115942028985508	20.833333333333336	34.96376811594203	0.0
209.0	24.225865209471767	21.129326047358834	20.58287795992714	34.06193078324226	0.0
210.0	26.508226691042047	18.281535648994517	18.281535648994517	36.92870201096892	0.0
211.0	31.61764705882353	19.11764705882353	18.198529411764707	31.066176470588236	0.0
212.0	24.76894639556377	16.820702402957487	22.920517560073936	35.48983364140481	0.0
213.0	27.289719626168225	20.373831775700936	17.38317757009346	34.953271028037385	0.0
214.0	29.831144465290805	25.14071294559099	17.4484052532833	27.5797373358349	0.0
215.0	27.683615819209038	24.293785310734464	17.13747645951036	30.88512241054614	0.0
216.0	27.22117202268431	19.281663516068054	17.391304347826086	36.10586011342155	0.0
217.0	27.80952380952381	17.333333333333336	24.38095238095238	30.476190476190478	0.0
218.0	23.449612403100776	19.961240310077518	21.124031007751938	35.46511627906977	0.0
219.0	17.684210526315788	22.526315789473685	24.63157894736842	35.1578947368421	0.0
220.0	0.3134796238244514	27.586206896551722	26.01880877742947	46.08150470219436	0.0
