# Position (bp)	A	C	G	T	N
0.0	70.22867826837337	8.197900186969653	10.053214439810155	11.520207104846829	0.0
1.0	10.395398993529835	70.72609633357297	9.432063263838964	9.446441409058231	0.0
2.0	13.36852618062491	66.38607504636896	7.504636895420173	12.74076187758596	0.0
3.0	70.14628603891492	8.706149694645648	8.990200255645505	12.157364010793922	0.0
4.0	69.47204087425489	8.742548963951178	8.075503831961397	13.70990632983253	0.0
5.0	12.035724411681317	66.21774879500992	8.278990643606464	13.467536149702298	0.0
6.0	13.51657693397563	65.84018135449135	8.288466987815244	12.354774723717767	0.0
7.0	70.92349031254419	8.48536274925753	8.739923631735257	11.851223306463018	0.0
8.0	69.57320520067834	10.175240248728095	8.691351045788581	11.560203504804974	0.0
9.0	12.946491599604688	64.87364111252293	8.499223492870254	13.680643795002117	0.0
10.0	11.84934405416843	6.855691917054592	8.703625335026096	72.59133869375088	0.0
11.0	10.701210926499577	9.067868206139115	7.941424950718108	72.2894959166432	0.0
12.0	11.683752281982867	7.97640780789215	9.09984552731358	71.2399943828114	0.0
13.0	12.368826080873093	64.41863719042955	8.89883867356933	14.313698055128027	0.0
14.0	11.792584332311124	8.419291887371063	66.0858656258712	13.70225815444661	0.0
15.0	66.34335596508244	9.117361784675072	10.295136483303311	14.24414576693917	0.0
16.0	11.194029850746269	9.438916528468768	9.632393587617468	69.7346600331675	0.0
17.0	12.59983475626549	63.522445607270726	8.923161663453595	14.954557973010191	0.0
18.0	11.91588785046729	8.974711379879055	9.304562946673997	69.80483782297966	0.0
19.0	12.532565473741943	65.33662416015356	9.214315096668038	12.916495269436446	0.0
20.0	12.477791444581113	9.471094710947108	8.99275659423261	69.05835725023917	0.0
21.0	12.329514457174032	9.028914348063283	10.33824331696672	68.30332787779597	0.0
22.0	12.477888148047352	7.6609062457477215	64.58021499523745	15.280990610967478	0.0
23.0	13.140372333197444	9.009376273950265	8.791955428726729	69.05829596412556	0.0
24.0	67.72924579489961	7.71839392295171	9.888768312533912	14.663591969614759	0.0
25.0	14.063135076547892	8.305107708982524	62.3086302669015	15.323126947568081	0.0
26.0	68.10671722643553	7.340195016251354	8.125677139761647	16.427410617551462	0.0
27.0	11.584788198673705	11.097577480037895	7.957775071051564	69.35985925023684	0.0
28.0	12.54562660538056	63.06610788157361	6.989319994592402	17.398945518453427	0.0
29.0	14.41891891891892	7.5405405405405395	7.472972972972973	70.56756756756756	0.0
30.0	13.88624949097326	8.130853807520023	63.03787158952083	14.945025111985883	0.0
31.0	13.745751189666894	7.273963290278722	8.388851121685928	70.59143439836846	0.0
32.0	13.40782122905028	8.475269110233002	8.20275241858564	69.91415724213108	0.0
33.0	14.205786026200872	63.52347161572053	8.024017467248909	14.246724890829695	0.0
34.0	14.024056861673046	8.50191361399672	9.308365226899944	68.1656642974303	0.0
35.0	12.715812551383939	63.55165798848999	7.906275691970404	15.82625376815566	0.0
36.0	12.95940756993966	8.543609434997258	8.598464070213934	69.89851892484916	0.0
37.0	68.71393239901072	9.068425391591097	8.395163506457818	13.82247870294037	0.0
38.0	69.19900908340215	8.945774841728598	7.418111753371869	14.437104321497385	0.0
39.0	68.55726872246696	9.292400881057269	7.3926211453744495	14.757709251101323	0.0
40.0	12.346191068712844	64.19189824415872	9.98202682151251	13.479883865615927	0.0
41.0	13.016183035714285	6.947544642857142	65.98772321428571	14.048549107142858	0.0
42.0	69.84460310793784	7.867842643147137	8.69382612347753	13.59372812543749	0.0
43.0	69.56705088557773	8.75737981445038	8.602755130728141	13.072814169243745	0.0
44.0	13.760429925045962	64.06448875689435	7.53783057559044	14.63725074246924	0.0
45.0	22.5669099756691	9.407948094079481	11.334144363341442	56.69099756690997	0.0
46.0	29.814983318168032	17.288444040036396	18.774643615407946	34.121929026387626	0.0
47.0	30.940115904700576	17.385705086928528	18.963296844816487	32.71088216355441	0.0
48.0	27.637540453074433	19.870550161812297	17.96116504854369	34.53074433656958	0.0
49.0	27.549368727743605	19.941728714794433	19.22952411783749	33.27937843962447	0.0
50.0	26.664501461513478	21.890224098733356	18.609938291653133	32.83533614810003	0.0
51.0	29.684962650211105	18.642416368950958	17.603117895420592	34.06950308541734	0.0
52.0	30.10403120936281	17.45773732119636	19.343302990897268	33.094928478543565	0.0
53.0	31.38852672750978	19.002607561929597	21.1864406779661	28.42242503259452	0.0
54.0	30.34188034188034	20.44707429322814	17.817225509533202	31.393819855358316	0.0
55.0	30.900723208415513	18.37606837606838	20.085470085470085	30.637738330046023	0.0
56.0	26.605202502469545	20.57951926243003	19.85512018439249	32.96015805070793	0.0
57.0	31.731402238314683	16.622778143515472	19.552337063857802	32.09348255431205	0.0
58.0	28.481640754217665	19.947072444591466	18.6238835593781	32.947403241812765	0.0
59.0	26.282687851704733	19.728566699768287	21.18503806686528	32.8037073816617	0.0
60.0	28.452855245683935	19.223107569721115	19.9867197875166	32.33731739707835	0.0
61.0	28.36714333222481	17.858330562021948	21.749251745926173	32.02527435982707	0.0
62.0	28.799999999999997	19.933333333333334	22.966666666666665	28.299999999999997	0.0
63.0	33.7788172402272	17.540928833945873	19.81289675910458	28.86735716672235	0.0
64.0	30.157138080909395	18.58910063523905	20.060180541624874	31.19358074222668	0.0
65.0	29.966555183946486	18.26086956521739	21.270903010033447	30.501672240802673	0.0
66.0	28.872532619605217	16.694546671127465	22.58280361324858	31.85011709601874	0.0
67.0	28.70060281312793	16.744809109176156	21.90221031480241	32.6523777628935	0.0
68.0	25.78256479299899	18.949848535846517	19.65668125210367	35.61090541905082	0.0
69.0	25.869638635596083	19.21648091860858	23.2016210739615	31.712259371833838	0.0
70.0	26.867184859749916	20.784048665089557	19.094288611017234	33.25447786414329	0.0
71.0	28.102806898884005	20.054108894149476	19.073385187690224	32.769699019276295	0.0
72.0	26.96211096075778	18.031123139377534	20.66982408660352	34.33694181326116	0.0
73.0	28.561759729272417	18.40947546531303	19.796954314720814	33.23181049069374	0.0
74.0	30.111902339776197	15.937605968124787	22.617836554764324	31.33265513733469	0.0
75.0	28.668478260869566	19.429347826086957	22.690217391304348	29.21195652173913	0.0
76.0	27.424293977543385	20.517182715209255	18.781898604967676	33.27662470227969	0.0
77.0	29.662461643368566	19.331742243436754	18.752130923968632	32.25366518922605	0.0
78.0	30.35470668485675	21.00954979536153	17.76944065484311	30.86630286493861	0.0
79.0	28.917719358142712	20.894503243427792	17.95834755889382	32.229429839535676	0.0
80.0	30.321697467488022	18.583162217659137	20.80766598220397	30.287474332648873	0.0
81.0	26.27235213204952	18.672627235213206	18.947730398899587	36.10729023383769	0.0
82.0	30.327022375215147	17.969018932874352	20.481927710843372	31.222030981067128	0.0
83.0	29.24560799173269	17.84361005856011	21.15053393041681	31.760248019290387	0.0
84.0	28.743961352657006	19.392684610075914	20.9799861973775	30.88336783988958	0.0
85.0	32.64248704663213	17.75474956822107	20.414507772020727	29.18825561312608	0.0
86.0	30.06219765031099	17.864547339322737	22.08016586040083	29.993089149965446	0.0
87.0	31.591695501730104	18.858131487889274	22.52595155709343	27.024221453287193	0.0
88.0	33.29871928002769	19.38386985115957	17.722395292488752	29.595015576323984	0.0
89.0	29.698857736240914	16.857043959847697	18.03392177223953	35.41017653167186	0.0
90.0	31.336565096952906	16.93213296398892	19.909972299168974	31.821329639889196	0.0
91.0	29.259002770083104	20.429362880886426	17.590027700831026	32.72160664819945	0.0
92.0	29.466759002770083	18.66343490304709	16.55124653739612	35.3185595567867	0.0
93.0	32.28155339805826	17.371705963938975	19.41747572815534	30.929264909847433	0.0
94.0	30.323028829454675	17.054532823897187	19.72907259465092	32.89336575199722	0.0
95.0	30.750521195274494	18.17234190410007	19.909659485754	31.167477414871435	0.0
96.0	28.650904033379692	18.5326842837274	19.228094575799723	33.58831710709318	0.0
97.0	30.9780717020536	17.229376957883748	18.691263487643578	33.10128785241908	0.0
98.0	30.93826299267527	20.753400767352634	19.288454830833622	29.01988140913847	0.0
99.0	31.367759944173063	18.562456385205863	18.562456385205863	31.507327285415215	0.0
100.0	31.762652705061083	15.636998254799304	20.13961605584642	32.460732984293195	0.0
101.0	30.052724077328648	18.76977152899824	18.875219683655537	32.302284710017574	0.0
102.0	31.66607960549489	15.181401902078196	20.42972877773864	32.722789714688275	0.0
103.0	27.728717767573297	17.873542917696927	20.699399505475096	33.698339809254676	0.0
104.0	27.77777777777778	18.50672328379335	20.34677990092003	33.368719037508846	0.0
105.0	28.83457314913213	18.420120439249025	19.73078285511867	33.01452355650017	0.0
106.0	31.0099573257468	17.105263157894736	18.741109530583213	33.14366998577525	0.0
107.0	30.9939437121482	18.453865336658353	18.810117563234773	31.742073387958676	0.0
108.0	32.71295633500358	19.112383679312813	16.678596993557623	31.496062992125985	0.0
109.0	29.201003224650663	20.17198136868506	18.81046219992834	31.816553206735936	0.0
110.0	27.97554836389788	19.05789284430061	19.741100323624593	33.22545846817692	0.0
111.0	30.07573025604039	17.201586729174178	20.05048683736026	32.67219617742517	0.0
112.0	27.26616106897797	19.104369808595163	21.23510292524377	32.3943661971831	0.0
113.0	29.186256781193492	19.96383363471971	17.540687160940323	33.30922242314647	0.0
114.0	30.852994555353902	17.05989110707804	19.237749546279492	32.849364791288565	0.0
115.0	29.54462659380692	18.72495446265938	19.78142076502732	31.948998178506375	0.0
116.0	29.967189208895366	18.08239154210718	18.73860736419978	33.21181188479766	0.0
117.0	29.86822840409956	18.374816983894583	18.923865300146414	32.83308931185944	0.0
118.0	28.387334315169365	17.525773195876287	20.581737849779085	33.50515463917525	0.0
119.0	23.763837638376383	20.29520295202952	27.380073800738007	28.56088560885609	0.0
120.0	27.366863905325445	21.227810650887573	21.523668639053252	29.88165680473373	0.0
121.0	29.03225806451613	19.651464590285503	18.984056358917314	32.33222098628105	0.0
122.0	29.33085501858736	18.475836431226767	21.2639405204461	30.929368029739777	0.0
123.0	30.37313432835821	18.35820895522388	18.43283582089552	32.83582089552239	0.0
124.0	31.549401197604794	18.001497005988025	19.199101796407188	31.25	0.0
125.0	27.344336084021002	20.667666916729182	21.192798199549888	30.795198799699925	0.0
126.0	32.04357625845229	19.120961682945154	18.8580015026296	29.97746055597295	0.0
127.0	28.01659125188537	19.607843137254903	21.568627450980394	30.806938159879337	0.0
128.0	30.030257186081695	18.57034795763994	18.986384266263236	32.413010590015126	0.0
129.0	29.93558165971959	19.32550208412277	17.733990147783253	33.004926108374384	0.0
130.0	29.859262076835297	19.9315329022442	17.649296310384177	32.55990871053633	0.0
131.0	30.252100840336134	20.206264323911384	18.563789152024444	30.977845683728038	0.0
132.0	30.44478527607362	18.481595092024538	21.12730061349693	29.94631901840491	0.0
133.0	30.354391371340522	21.147919876733436	19.029275808936827	29.468412942989215	0.0
134.0	25.811437403400312	20.401854714064914	20.479134466769704	33.30757341576507	0.0
135.0	28.20612165827199	17.047655947307245	20.06974041069353	34.676481983727236	0.0
136.0	24.91241728298949	18.684312962242117	21.448034254573763	34.955235500194625	0.0
137.0	28.543537680593516	16.751269035532996	19.484576337368214	35.220616946505274	0.0
138.0	29.294117647058826	17.49019607843137	20.862745098039216	32.35294117647059	0.0
139.0	28.40283241542093	18.646734854445317	19.11880409126672	33.83162863886703	0.0
140.0	29.265402843601894	16.5086887835703	21.524486571879937	32.70142180094787	0.0
141.0	31.23015873015873	16.825396825396826	19.563492063492063	32.38095238095238	0.0
142.0	30.379241516966065	16.44710578842315	20.439121756487026	32.734530938123754	0.0
143.0	32.57302921168467	17.847138855542216	18.687474989995998	30.89235694277711	0.0
144.0	29.730815588589792	18.03937324226597	18.3206106870229	33.909200482121335	0.0
145.0	28.1968535699879	18.27349737797499	19.887051230334812	33.642597821702296	0.0
146.0	30.121457489878544	18.704453441295545	18.25910931174089	32.91497975708502	0.0
147.0	30.24766544863987	18.47340641494113	17.336581404790905	33.9423467316281	0.0
148.0	27.142857142857142	19.918367346938776	19.6734693877551	33.265306122448976	0.0
149.0	28.78787878787879	20.5978705978706	18.14086814086814	32.47338247338247	0.0
150.0	28.900782214903252	18.814326883491148	18.443804034582133	33.84108686702347	0.0
151.0	28.176567656765677	19.554455445544555	20.668316831683168	31.600660066006604	0.0
152.0	28.13924575217571	19.850808122668877	16.742644011603815	35.267302113551594	0.0
153.0	30.375000000000004	18.416666666666668	18.666666666666668	32.54166666666667	0.0
154.0	31.532663316582916	15.829145728643216	20.142378559463985	32.49581239530988	0.0
155.0	30.992430613961314	20.815811606391925	16.862910008410427	31.328847771236333	0.0
156.0	31.543340380549683	15.264270613107822	18.646934460887948	34.54545454545455	0.0
157.0	29.78723404255319	18.638297872340427	19.829787234042552	31.744680851063826	0.0
158.0	29.897348160821213	20.35928143712575	17.493584260051325	32.24978614200171	0.0
159.0	36.293436293436294	14.242814242814243	18.961818961818963	30.501930501930502	0.0
160.0	27.39430543572045	19.06816220880069	22.7351164797239	30.802415875754964	0.0
161.0	28.354978354978357	17.92207792207792	20.995670995670995	32.72727272727273	0.0
162.0	29.56029603831084	17.936438833260777	20.417936438833262	32.08532868959512	0.0
163.0	30.52401746724891	18.209606986899562	17.074235807860262	34.19213973799127	0.0
164.0	30.035026269702275	16.418563922942205	21.05954465849387	32.486865148861646	0.0
165.0	28.690685413005273	17.530755711775043	23.330404217926187	30.448154657293497	0.0
166.0	26.169461606354812	20.123565754633717	19.814651368049425	33.89232127096205	0.0
167.0	27.0509977827051	19.024390243902438	22.394678492239468	31.529933481152995	0.0
168.0	26.916221033868094	18.939393939393938	19.964349376114082	34.180035650623886	0.0
169.0	27.211796246648795	17.470956210902592	19.794459338695265	35.52278820375335	0.0
170.0	29.34051144010767	17.765814266487215	18.88739344997757	34.00628084342755	0.0
171.0	29.941467807294014	19.585772174696086	16.614137775776676	33.858622242233224	0.0
172.0	29.65142598460842	20.00905387052965	17.338162064282482	33.00135808057944	0.0
173.0	28.66271109082611	17.800091282519396	20.12779552715655	33.409402099497946	0.0
174.0	28.768382352941174	19.990808823529413	18.06066176470588	33.18014705882353	0.0
175.0	28.280961182994456	19.63955637707948	20.147874306839185	31.931608133086876	0.0
176.0	28.657686948444034	19.647004180213656	19.647004180213656	32.048304691128656	0.0
177.0	28.17885421518398	21.425244527247322	18.58407079646018	31.811830461108524	0.0
178.0	26.25645843118835	20.948802254579615	20.00939408172851	32.78534523250352	0.0
179.0	25.28409090909091	18.134469696969695	24.952651515151516	31.62878787878788	0.0
180.0	30.48026628625773	16.357584403233478	21.017593913456967	32.14455539705183	0.0
181.0	27.4988043998087	19.94261119081779	19.416547106647535	33.14203730272597	0.0
182.0	32.78767453057294	18.44005777563794	19.06596051998074	29.706307173808376	0.0
183.0	28.626880155264434	22.12518195050946	20.184376516254247	29.06356137797186	0.0
184.0	30.303030303030305	20.08797653958944	19.941348973607038	29.667644183773216	0.0
185.0	26.875919568415892	22.118685630210887	23.39382050024522	27.611574301128005	0.0
186.0	30.295566502463057	18.52216748768473	22.660098522167488	28.52216748768473	0.0
187.0	30.74257425742574	20.99009900990099	17.97029702970297	30.297029702970296	0.0
188.0	28.2435129740519	20.309381237524953	20.60878243512974	30.83832335329341	0.0
189.0	29.124748490945674	19.517102615694164	19.517102615694164	31.841046277665995	0.0
190.0	30.025316455696206	17.063291139240505	20.60759493670886	32.303797468354425	0.0
191.0	26.83299389002037	19.653767820773933	19.501018329938898	34.0122199592668	0.0
192.0	32.80205655526992	19.331619537275063	19.22879177377892	28.637532133676093	0.0
193.0	30.17689906347555	18.834547346514046	21.331945889698233	29.656607700312176	0.0
194.0	26.908899420747762	21.69562927856767	22.432859399684045	28.96261190100053	0.0
195.0	27.987254381306425	19.012214551248007	19.915029208709505	33.08550185873606	0.0
196.0	29.06852248394004	18.89721627408994	20.985010706638114	31.049250535331907	0.0
197.0	29.10772578890098	19.85854189336235	22.198041349292712	28.835690968443963	0.0
198.0	27.474972191323694	22.691879866518352	21.023359288097886	28.809788654060064	0.0
199.0	28.965922444183313	22.679200940070505	18.155111633372503	30.19976498237368	0.0
200.0	27.900552486187845	14.917127071823206	20.718232044198896	36.46408839779006	0.0
201.0	30.68288119738073	16.83816651075772	18.896164639850326	33.58278765201123	0.0
202.0	35.056390977443606	18.045112781954884	17.857142857142858	29.041353383458645	0.0
203.0	33.742911153119096	16.729678638941397	20.982986767485823	28.544423440453688	0.0
204.0	31.523809523809526	17.523809523809526	25.142857142857146	25.80952380952381	0.0
205.0	36.231884057971016	16.03864734299517	23.381642512077295	24.347826086956523	0.0
206.0	29.40603700097371	19.084712755598833	20.155793573515094	31.353456669912365	0.0
207.0	29.174852652259332	20.825147347740668	17.4852652259332	32.5147347740668	0.0
208.0	29.911154985192496	17.077986179664364	19.447186574531095	33.563672260612044	0.0
209.0	25.347912524850898	20.37773359840954	19.18489065606362	35.089463220675945	0.0
210.0	26.546906187624753	18.46307385229541	18.263473053892216	36.72654690618762	0.0
211.0	28.74371859296482	19.899497487437188	19.798994974874372	31.55778894472362	0.0
212.0	28.68686868686869	17.17171717171717	22.02020202020202	32.121212121212125	0.0
213.0	26.246185147507628	20.54933875890132	19.22685656154629	33.97761953204476	0.0
214.0	28.950050968399594	25.891946992864423	18.85830784913354	26.299694189602445	0.0
215.0	29.918032786885245	23.668032786885245	17.008196721311474	29.40573770491803	0.0
216.0	30.65843621399177	17.181069958847736	18.621399176954732	33.53909465020576	0.0
217.0	25.366876310272534	18.658280922431867	24.423480083857445	31.551362683438157	0.0
218.0	26.07758620689655	17.13362068965517	20.150862068965516	36.637931034482754	0.0
219.0	19.66626936829559	23.12276519666269	25.864123957091778	31.346841477949937	0.0
220.0	0.0	30.458715596330276	24.770642201834864	44.77064220183487	0.0
