# Position (bp)	A	C	G	T	N
0.0	28.431105699209702	24.15825036410954	18.680132750758062	28.73051118592269	0.0
1.0	27.36766707255927	21.02093928324141	14.317026001002795	37.29436764319652	0.0
2.0	28.208443876090318	19.48017864981963	18.50533468211402	33.806042791976026	0.0
3.0	24.147551146931185	22.49034288711908	15.847203013973008	37.51490295197672	0.0
4.0	32.87143626630821	14.320239099658224	15.875149556454883	36.93317507757869	0.0
5.0	34.78816184530334	16.18071772387171	22.229423819282275	26.801696611542674	0.0
6.0	32.23589846225691	17.67713589989183	20.537233206101412	29.54973243174984	0.0
7.0	33.708502294375805	17.533510275849252	20.29200280185456	28.46598462792039	0.0
8.0	24.942463560254826	24.562222741069345	21.20676428404656	29.288549414629266	0.0
9.0	29.51899940440739	18.251816557474687	16.077665276950565	36.15151876116736	0.0
10.0	27.719017399424466	17.38894288491224	23.721723553065384	31.170316162597906	0.0
11.0	28.782407363295953	18.794603298619382	18.705515802311513	33.71747353577316	0.0
12.0	27.249947598086855	19.51351969359172	20.810705234474742	32.42582747384668	0.0
13.0	27.008255486587814	21.021717693799097	18.379295068144682	33.59073175146841	0.0
14.0	31.22814872679121	18.002114869821188	19.56921435444075	31.200522048946848	0.0
15.0	30.72996037793356	18.220912069491007	19.438147668393782	31.61097988418165	0.0
16.0	30.530174979169146	17.090822521128437	18.881561718842995	33.49744078085942	0.0
17.0	29.83766542892507	18.13529467771113	19.380177092259355	32.64686280110445	0.0
18.0	31.305539822082178	17.72419406274245	19.123547694636287	31.846718420539084	0.0
19.0	29.683090380396244	18.941286770129874	19.08596393540926	32.28965891406462	0.0
20.0	30.728641303313474	17.89534286203681	19.19618217459985	32.17983366004986	0.0
21.0	30.203535949453812	17.628839493015644	19.112301602405513	33.055322955125035	0.0
22.0	29.75770809843911	18.085546691024305	19.292962450226213	32.863782760310364	0.0
23.0	29.961848402104525	17.599208425699526	19.358368139134406	33.08057503306155	0.0
24.0	30.53138809740133	17.99803066267725	19.199136155415918	32.2714450845055	0.0
25.0	29.164169449280326	18.626863399830665	19.57485468573114	32.63411246515787	0.0
26.0	30.529990630157577	17.911619080233436	19.909250460168657	31.64913982944033	0.0
27.0	29.68761890267103	18.476523856631914	19.525245415113005	32.310611825584054	0.0
28.0	30.418384769405645	17.942937587094136	18.712932973780205	32.92574466972001	0.0
29.0	30.22961610166267	18.24515846745044	19.57776890004946	31.947456530837425	0.0
30.0	30.39923520347012	18.10541635751384	19.14321861385385	32.35212982516219	0.0
31.0	29.67135926947589	18.22124988109959	19.275183106629886	32.83220774279464	0.0
32.0	30.069441141498217	17.97859690844233	19.773127229488704	32.17883472057075	0.0
33.0	30.494487200220703	18.272148707655134	19.04698484574625	32.18637924637792	0.0
34.0	30.13437343924656	17.779151901443623	19.24037386733893	32.84610079197089	0.0
35.0	30.390669222609628	17.727811101227708	19.772248357743223	32.10927131841944	0.0
36.0	30.091143479625913	17.805801596437984	19.442198099116155	32.66085682481995	0.0
37.0	29.512228771509175	18.771556748064945	18.93949124885229	32.77672323157359	0.0
38.0	29.68382793693685	19.121131102463345	19.41608547968145	31.778955480918352	0.0
39.0	29.45595189389254	18.489833588643307	19.57450452421956	32.47970999324459	0.0
40.0	30.36627544636698	18.383230969043325	19.601136077108617	31.649357507481078	0.0
41.0	29.831772855294208	18.334665448732586	19.582096369034026	32.251465326939176	0.0
42.0	29.831297099794472	18.471207277156125	20.273844865646648	31.423650757402754	0.0
43.0	29.991150947704952	18.649615589556216	19.30092486869148	32.05830859404735	0.0
44.0	30.150483612367918	18.110367336064208	20.411153771129793	31.32799528043808	0.0
45.0	30.42996274639477	18.500245026905382	19.773909154490653	31.29588307220919	0.0
46.0	29.95489494518879	18.544457978075517	19.13681866626066	32.36382841047503	0.0
47.0	29.77508576431348	18.46704318905262	19.848312548472897	31.909558498161005	0.0
48.0	30.36105136940675	18.231952189718506	19.179783407243868	32.22721303363088	0.0
49.0	29.685849424707595	18.48263654272581	19.387211283154258	32.44430274941234	0.0
50.0	29.59066164154104	18.3769224912441	20.20376503730775	31.82865082990711	0.0
51.0	30.591180123632455	17.828675305393098	19.495667153645922	32.08447741732853	0.0
52.0	29.83505606000038	17.84687720099747	19.63099385148383	32.68707288751832	0.0
53.0	30.533875235575188	17.89038853248558	19.304791456473318	32.270944775465914	0.0
54.0	30.25105299478857	18.303310092092424	19.76631844466126	31.67931846845775	0.0
55.0	30.103755175860265	17.77973442482509	19.051449240873826	33.06506115844082	0.0
56.0	29.818282200413126	17.976164412249055	19.71290681846306	32.49264656887476	0.0
57.0	29.432370943636897	17.77279607048005	19.95935307612493	32.83547990975812	0.0
58.0	29.55063613473776	18.03547885024536	19.51765137055741	32.896233644459464	0.0
59.0	29.55710511911278	18.166543706418526	20.097574906589877	32.17877626787882	0.0
60.0	29.49021847779523	18.524917892331857	19.353610357465847	32.631253272407065	0.0
61.0	29.522671667793187	18.09354264444085	19.43918204925602	32.944603638509946	0.0
62.0	29.849630860183833	17.665398913762655	19.53085209179229	32.95411813426122	0.0
63.0	29.356156167591703	17.632162679334737	19.783703506249942	33.22797764682362	0.0
64.0	29.42974105102818	18.394897182025897	19.638709063214012	32.53665270373191	0.0
65.0	29.588145129811398	17.966526081285643	19.798261564972343	32.64706722393061	0.0
66.0	30.10462979711911	18.10790483353485	20.022468273084723	31.764997096261315	0.0
67.0	29.345456276479272	17.678392916646832	19.901937449421624	33.07421335745227	0.0
68.0	29.65482441316342	18.04281491143302	19.756077822789873	32.546282852613686	0.0
69.0	29.42117364790563	17.633281444138188	20.284390873214225	32.661154034741955	0.0
70.0	29.273262179737408	17.541487751235348	19.926973941026933	33.258276128000304	0.0
71.0	30.26959092445456	17.46842553758706	19.752545713347203	32.50943782461118	0.0
72.0	29.74801357765495	18.488367110844507	19.60666695231158	32.156952359188956	0.0
73.0	29.673641362565167	18.266561927206073	18.90832916755933	33.15146754266943	0.0
74.0	30.18463677309388	17.987087804831596	19.44732757553539	32.38094784653913	0.0
75.0	30.038804904178072	18.26449232234258	19.5476728960838	32.14902987739555	0.0
76.0	30.36425102371203	17.81782687363108	18.69298162079802	33.12494048185887	0.0
77.0	30.2007095069165	17.480536177710054	20.052855884383707	32.265898430989736	0.0
78.0	30.20035146037022	18.094970497330713	19.048390092436936	32.656287949862126	0.0
79.0	30.077920345973958	17.81165756960916	19.315291629754523	32.79513045466236	0.0
80.0	29.961274834358225	18.326101142701997	19.668859346197266	32.04376467674251	0.0
81.0	30.885729802864137	17.611216449267765	18.84986613055368	32.653187617314416	0.0
82.0	30.29205774453285	18.192862928200487	19.190051931964362	32.3250273953023	0.0
83.0	30.4808961353923	18.34104412542465	18.57070026062636	32.60735947855669	0.0
84.0	28.711654103094354	17.925724033430857	20.086150210134086	33.27647165334071	0.0
85.0	28.759727232438564	17.77706827290099	19.259086295383824	34.20411819927662	0.0
86.0	30.604405555078973	17.12800129631218	22.532002707004853	29.735590441604	0.0
87.0	30.25836061823537	20.058334882257903	20.37336231013759	29.30994218936914	0.0
88.0	31.855876465541893	18.18892383948146	18.86712420169669	31.088075493279955	0.0
89.0	28.48849402299289	22.88993536824846	18.783245314674648	29.838325294084	0.0
90.0	33.29965013965815	15.11596869369584	19.64079733839217	31.943583828253846	0.0
91.0	27.352936970604073	20.784495045068663	26.030191952943643	25.832376031383614	0.0
92.0	26.347099874156278	19.486710139953477	17.9127102162224	36.25347976966785	0.0
93.0	27.989359724268127	19.43804852003871	18.696756908790146	33.875834846903025	0.0
94.0	24.456034630713784	21.549800720837545	17.26815919449265	36.72600545395602	0.0
95.0	33.034198630528905	14.541093669534035	16.700680920864407	35.724026779072645	0.0
96.0	34.76060315506771	15.49102947560237	22.980379810237988	26.767987559091928	0.0
97.0	30.587269464278894	17.139829699492154	20.88329069456642	31.389610141662533	0.0
98.0	34.33682581828254	13.395287533070363	22.342671034660604	29.925215613986495	0.0
99.0	27.267170323110573	17.708999914040934	25.215136436137193	29.8086933267113	0.0
