# Position (bp)	A	C	G	T	N
0.0	25.87610549121555	23.49263242219401	24.215959491594166	26.415302594996277	0.0
1.0	25.720283116966243	19.707858939372212	15.643862883401555	38.927995060259995	0.0
2.0	27.891626691980314	18.930142037586325	18.823051576277372	34.355179694155986	0.0
3.0	22.751056638825368	21.99780278810894	15.609129434059396	39.64201113900629	0.0
4.0	33.826427203093715	13.44918106650832	14.734406097913949	37.989985632484014	0.0
5.0	34.65128250216472	15.027009246554046	22.85408256530455	27.46762568597668	0.0
6.0	30.333849683034625	17.630313814133686	21.175039751779217	30.860796751052472	0.0
7.0	34.452203933736314	17.209306228314826	19.98218337142636	28.356306466522497	0.0
8.0	22.39445791905321	26.86670206373617	22.061302814160257	28.677537203050363	0.0
9.0	27.810768944618815	18.521024041260738	15.878942022303882	37.789264991816566	0.0
10.0	25.797909459641517	16.312302843528325	25.591354040463603	32.298433656366555	0.0
11.0	27.752079422446624	17.766488422687626	19.50463059863779	34.97680155622797	0.0
12.0	26.173951268584045	19.217932982066365	21.60969649732168	32.99841925202791	0.0
13.0	26.066557367725984	20.564062713413794	18.597287788896725	34.7720921299635	0.0
14.0	30.356467757822514	18.07063906316792	20.611797479660282	30.96109569934929	0.0
15.0	29.73121690556581	17.778384821463117	19.97879905108506	32.511599221886016	0.0
16.0	29.376021764069986	17.540885712993788	18.601259470619578	34.48183305231665	0.0
17.0	29.913513367366107	17.7203758926378	19.73853095324557	32.62757978675053	0.0
18.0	30.17914055977404	17.280917700881087	18.820112186023877	33.71982955332099	0.0
19.0	29.571361377819276	17.96639640273785	19.525449296494898	32.93679292294798	0.0
20.0	29.87774026227084	17.236772365299622	19.94928181086311	32.93620556156643	0.0
21.0	28.828843359576577	18.01882073684019	19.540114684640546	33.612221218942686	0.0
22.0	29.577486717941138	18.708317736402467	22.441717202276536	29.272478343379856	0.0
23.0	29.400234105464936	20.1320910484727	21.166667521293014	29.30100732476936	0.0
24.0	31.561015426627144	19.513655452881267	18.40286184840762	30.52246727208397	0.0
25.0	28.737410771182187	21.025271922680865	19.394626202750622	30.842691103386326	0.0
26.0	31.788370897269097	16.635109200270186	21.525228336737076	30.05129156572364	0.0
27.0	25.90848257051716	20.716058786483416	25.188480071900493	28.18697857109893	0.0
28.0	25.765157070222784	19.50004358594379	18.541898678297045	36.192900665536385	0.0
29.0	27.401415354465602	19.577892276990305	17.602036559050564	35.41865580949353	0.0
30.0	26.150464513024	19.10548338180833	16.90365364246023	37.840398462707434	0.0
31.0	33.52771609538597	14.233895315954982	17.87054471905417	34.367843869604876	0.0
32.0	34.02512056472725	15.572270476000327	22.308458689732618	28.09415026953981	0.0
33.0	30.64380882289468	17.926283011643772	20.792299637470197	30.63760852799135	0.0
34.0	33.29378788947195	16.28339660225794	21.223410971594493	29.199404536675623	0.0
35.0	25.665093710448783	20.49977498726511	24.917188584947617	28.91794271733849	0.0
