# Position (bp)	A	C	G	T	N
0.0	31.04008667388949	18.364030335861322	26.218851570964247	24.37703141928494	0.0
1.0	24.810400866738895	23.293607800650054	28.223185265438786	23.672806067172264	0.0
2.0	32.073434125269976	20.302375809935207	16.900647948164146	30.72354211663067	0.0
3.0	30.193756727664155	19.806243272335845	21.09795479009688	28.90204520990312	0.0
4.0	29.978471474703984	18.89128094725511	18.622174381054897	32.508073196986004	0.0
5.0	31.485468245425192	17.599569429494082	19.268030139935412	31.646932185145317	0.0
6.0	29.655543595263723	20.721205597416578	20.45209903121636	29.171151776103336	0.0
7.0	31.969860064585575	21.743810548977397	19.590958019375673	26.695371367061355	0.0
8.0	30.08611410118407	18.406889128094726	19.590958019375673	31.916038751345532	0.0
9.0	28.870967741935484	18.333333333333332	21.72043010752688	31.0752688172043	0.0
10.0	26.451612903225808	15.752688172043012	22.043010752688172	35.752688172043015	0.0
11.0	26.989247311827956	18.225806451612904	21.612903225806452	33.17204301075269	0.0
12.0	27.419354838709676	16.666666666666664	22.849462365591396	33.064516129032256	0.0
13.0	28.479312197743152	19.183234819989252	20.687802256851157	31.649650725416446	0.0
14.0	27.88823213326169	19.075765717356262	23.374529822675978	29.661472326706072	0.0
15.0	26.1546723952739	20.03222341568206	22.663802363050483	31.149301825993554	0.0
16.0	25.308310991957107	20.536193029490615	20.965147453083112	33.19034852546917	0.0
17.0	29.994643813604714	18.050348152115696	20.835565077664704	31.11944295661489	0.0
18.0	26.138189608998392	23.19228709159079	20.246384574183182	30.423138725227638	0.0
19.0	29.978586723768736	22.53747323340471	18.629550321199144	28.85438972162741	0.0
20.0	27.77777777777778	20.405982905982906	21.367521367521366	30.448717948717945	0.0
21.0	27.839999999999996	20.64	22.24	29.28	0.0
22.0	29.386666666666667	18.4	20.053333333333335	32.16	0.0
23.0	27.064464571124137	21.044219499200853	19.978689397975494	31.912626531699523	0.0
24.0	29.97870074547391	17.0926517571885	21.405750798722046	31.52289669861555	0.0
25.0	31.648936170212767	18.45744680851064	16.48936170212766	33.40425531914894	0.0
26.0	31.951089845826687	16.905901116427433	17.27804359383307	33.864965443912816	0.0
27.0	29.861849096705633	19.128586609989373	17.05632306057386	33.95324123273114	0.0
28.0	31.259968102073366	18.44763423710792	14.832535885167463	35.45986177565125	0.0
29.0	31.632110579479	17.7565124933546	16.48059542796385	34.13078149920255	0.0
30.0	31.236673773987206	17.69722814498934	17.91044776119403	33.15565031982942	0.0
31.0	32.32	14.56	18.72	34.4	0.0
32.0	29.83484283431007	19.072988811933936	18.70005327650506	32.392115077250935	0.0
33.0	30.617678381256656	20.447284345047922	17.678381256656017	31.256656017039404	0.0
34.0	30.441724321447577	17.34965407131453	19.85098456625865	32.35763704097924	0.0
35.0	28.41937200638637	20.17030335284726	16.60457690260777	34.805747738158594	0.0
36.0	27.727514635444383	16.817456093666845	19.53166577967004	35.92336349121874	0.0
37.0	29.643427354976048	19.957424161788182	18.626929217668973	31.772219265566793	0.0
38.0	27.62107503991485	22.032996274614156	17.935071846726984	32.41085683874401	0.0
39.0	31.55934007450772	19.10590739755189	17.03033528472592	32.30441724321448	0.0
40.0	28.33599149388623	18.341307814992025	19.883040935672515	33.43965975544923	0.0
41.0	29.292929292929294	16.533758639021798	23.179160021265286	30.994152046783626	0.0
42.0	31.93411264612115	18.49096705632306	19.28799149840595	30.28692879914984	0.0
43.0	32.27176220806794	17.993630573248407	18.046709129511676	31.687898089171973	0.0
44.0	34.0053050397878	16.870026525198938	15.490716180371352	33.633952254641905	0.0
45.0	33.19194061505832	16.59597030752916	18.87592788971368	31.336161187698835	0.0
46.0	32.0254506892895	15.959703075291623	17.65641569459173	34.35843054082714	0.0
47.0	30.206677265500797	17.965023847376788	21.72760996290408	30.10068892421834	0.0
48.0	29.570747217806044	19.448860625331214	17.700052994170644	33.2803391626921	0.0
49.0	29.517753047164813	20.190779014308426	19.448860625331214	30.842607313195547	0.0
50.0	27.186009538950717	24.006359300476948	19.71383147853736	29.093799682034977	0.0
51.0	29.13135593220339	18.64406779661017	17.584745762711865	34.63983050847458	0.0
52.0	27.54237288135593	20.021186440677965	20.233050847457626	32.20338983050847	0.0
53.0	28.866525423728813	20.815677966101696	19.86228813559322	30.45550847457627	0.0
54.0	28.389830508474578	22.08686440677966	18.591101694915256	30.93220338983051	0.0
55.0	29.252782193958666	19.66083730789613	18.60095389507154	32.48542660307366	0.0
56.0	27.768945416004236	19.024907260201378	22.204557498675147	31.001589825119236	0.0
57.0	30.8994708994709	19.047619047619047	20.052910052910054	30.0	0.0
58.0	31.53439153439154	17.936507936507937	16.984126984126984	33.544973544973544	0.0
59.0	27.65732416710735	18.878900052882074	21.946060285563192	31.517715494447383	0.0
60.0	30.549682875264274	18.12896405919662	20.718816067653275	30.60253699788584	0.0
61.0	29.318541996830426	18.91178024300053	19.915478077126256	31.85419968304279	0.0
62.0	26.30744849445325	21.130480718436345	20.97200211304807	31.590068674062334	0.0
63.0	29.656992084432716	18.62796833773087	20.79155672823219	30.923482849604223	0.0
64.0	27.29672650475185	17.95142555438226	22.38648363252376	32.36536430834213	0.0
65.0	29.197465681098205	18.162618796198522	20.591341077085534	32.04857444561774	0.0
66.0	29.039070749736005	15.997888067581837	21.858500527983104	33.10454065469905	0.0
67.0	27.613516367476244	20.74973600844773	18.585005279831044	33.051742344244985	0.0
68.0	27.099841521394612	19.809825673534075	20.073956682514527	33.01637612255679	0.0
69.0	29.635499207606976	21.975699947173798	19.12308505018489	29.265715795034335	0.0
70.0	26.99418911780243	19.809825673534075	19.75699947173798	33.43898573692552	0.0
71.0	27.94506075013207	18.4891706286318	20.91917591125198	32.64659270998415	0.0
72.0	25.792811839323466	19.82029598308668	23.202959830866806	31.183932346723044	0.0
73.0	27.445795875198307	18.56160761501851	21.470121628767846	32.522474881015334	0.0
74.0	28.578975171685155	16.270470153195983	21.764395139989436	33.38615953512942	0.0
75.0	27.31114632857897	18.225039619651348	24.352879027997886	30.11093502377179	0.0
76.0	30.79767564712097	18.594823032223985	17.16851558372953	33.43898573692552	0.0
77.0	27.680929741151612	20.28526148969889	19.01743264659271	33.01637612255679	0.0
78.0	28.79027997886952	19.281563655573166	21.024828314844164	30.903328050713153	0.0
79.0	27.402323125659976	20.6441393875396	18.057022175290392	33.896515311510036	0.0
80.0	28.035902851108762	17.212249208025344	21.488912354804647	33.262935586061246	0.0
81.0	26.557550158394932	16.737064413938754	21.06652587117212	35.63885955649419	0.0
82.0	28.035902851108762	17.5818373812038	24.076029567053855	30.30623020063358	0.0
83.0	28.66948257655755	18.954593453009505	23.07286166842661	29.30306230200634	0.0
84.0	26.504751847940867	19.060190073917635	21.22492080253432	33.21013727560718	0.0
85.0	30.659630606860162	17.467018469656992	20.686015831134565	31.187335092348285	0.0
86.0	32.189973614775724	18.839050131926122	19.683377308707122	29.287598944591032	0.0
87.0	34.617414248021106	17.361477572559366	21.899736147757256	26.121372031662272	0.0
88.0	32.770448548812666	17.941952506596305	17.889182058047492	31.398416886543533	0.0
89.0	30.448548812664907	16.147757255936675	19.208443271767813	34.1952506596306	0.0
90.0	29.197465681098205	16.209081309398098	22.1752903907075	32.418162618796195	0.0
91.0	28.616684266103487	20.16895459345301	15.417106652587117	35.79725448785639	0.0
92.0	29.83104540654699	17.00105596620908	17.212249208025344	35.95564941921858	0.0
93.0	30.095036958817317	17.106652587117214	19.640971488912353	33.157338965153116	0.0
94.0	29.3558606124604	17.5818373812038	19.69376979936642	33.36853220696938	0.0
95.0	29.989440337909183	19.00739176346357	20.16895459345301	30.834213305174234	0.0
96.0	29.250263991552274	16.578669482576558	19.79936642027455	34.37170010559662	0.0
97.0	30.30623020063358	18.109820485744457	19.746568109820487	31.837381203801478	0.0
98.0	29.899630216587425	17.80243000528262	19.915478077126256	32.38246170100369	0.0
99.0	30.53354463814052	17.74960380348653	19.809825673534075	31.90702588483888	0.0
100.0	31.695721077654515	16.904384574749077	19.12308505018489	32.27680929741152	0.0
101.0	32.555673382820785	17.02014846235419	20.46659597030753	29.957582184517495	0.0
102.0	31.632110579479	18.075491759702285	20.946305156831475	29.346092503987244	0.0
103.0	27.1953166577967	21.128259712613094	16.817456093666845	34.85896753592336	0.0
104.0	27.14666666666667	17.44	20.69333333333333	34.72	0.0
105.0	31.621187800963078	17.281968967362225	19.689673622257892	31.4071696094168	0.0
106.0	33.38692390139336	18.220793140407288	18.006430868167204	30.385852090032156	0.0
107.0	31.63538873994638	18.39142091152815	19.142091152815013	30.831099195710454	0.0
108.0	34.13848631239936	18.19645732689211	17.444981213097154	30.220075147611382	0.0
109.0	28.302900107411382	19.11922663802363	18.95810955961332	33.619763694951665	0.0
110.0	26.559139784946233	19.78494623655914	19.892473118279568	33.763440860215056	0.0
111.0	33.853606027987084	16.254036598493002	18.51453175457481	31.377825618945103	0.0
112.0	30.18867924528302	17.142857142857142	20.808625336927225	31.859838274932617	0.0
113.0	28.092922744462452	18.152350081037277	19.23284710967045	34.52188006482982	0.0
114.0	29.236599891716295	15.755278830536005	19.491066594477534	35.51705468327017	0.0
115.0	26.384364820846905	20.521172638436482	19.86970684039088	33.22475570032573	0.0
116.0	28.26797385620915	20.37037037037037	18.736383442265794	32.62527233115469	0.0
117.0	29.972752043596728	19.673024523160763	18.637602179836513	31.716621253405997	0.0
118.0	28.345166575641727	16.87602403058438	20.480611687602405	34.29819770617149	0.0
119.0	23.510114816839803	21.21377802077638	24.00218698742482	31.27392017495899	0.0
120.0	25.86490939044481	21.581548599670512	20.647995606809445	31.905546403075235	0.0
121.0	28.846153846153843	18.626373626373628	19.065934065934066	33.46153846153846	0.0
122.0	26.072607260726073	16.39163916391639	20.517051705170516	37.01870187018702	0.0
123.0	29.65821389195149	16.923925027563396	20.727673649393605	32.69018743109151	0.0
124.0	29.850746268656714	18.407960199004975	18.739635157545607	33.001658374792704	0.0
125.0	27.353266888150607	19.324473975636767	17.88482834994463	35.437430786267996	0.0
126.0	29.421579532814242	17.686318131256954	19.13236929922136	33.75973303670745	0.0
127.0	28.778583379810375	16.45287228109314	22.53206915783603	32.23647518126046	0.0
128.0	29.615170105967653	17.177914110429448	22.364751812604574	30.842163970998328	0.0
129.0	27.86793508673755	17.683268047006155	20.64913262451035	33.799664241745944	0.0
130.0	29.22990444069702	18.77459246767847	16.919617762788082	35.07588532883643	0.0
131.0	30.395480225988702	20.0	18.983050847457626	30.621468926553675	0.0
132.0	30.577576443941112	14.552661381653454	22.87655719139298	31.993204983012458	0.0
133.0	27.030096536059055	21.35150482680295	21.010789324247586	30.607609312890403	0.0
134.0	25.341685649202734	17.824601366742595	21.697038724373577	35.136674259681094	0.0
135.0	28.693667997718197	15.972618368511124	22.361665715915574	32.97204791785511	0.0
136.0	26.357918810749	18.467695826186393	20.06861063464837	35.105774728416236	0.0
137.0	28.563251287922153	15.62678878076703	19.748139668002292	36.06182026330853	0.0
138.0	27.38231917336395	18.54190585533869	19.5752009184845	34.50057405281286	0.0
139.0	26.85878962536023	19.020172910662826	20.172910662824208	33.94812680115274	0.0
140.0	28.711727325245523	17.793183131138072	20.45060658578856	33.044482957827846	0.0
141.0	31.22460824143935	17.933836331979105	20.023215322112595	30.81834010446895	0.0
142.0	34.863451481696686	17.954677513073793	16.966879721092386	30.214991284137128	0.0
143.0	33.68298368298368	20.745920745920746	20.62937062937063	24.941724941724942	0.0
144.0	32.124049151550615	17.43709771796372	17.67115272088941	32.76770040959626	0.0
145.0	30.246189917936693	18.581477139507623	19.343493552168816	31.82883939038687	0.0
146.0	30.72395526780459	18.716892289582105	16.951147733961154	33.60800470865215	0.0
147.0	30.265486725663713	19.115044247787612	17.404129793510325	33.21533923303835	0.0
148.0	27.23505032563647	17.64357608052102	20.1894612196566	34.931912374185906	0.0
149.0	30.256104824300177	19.53543776057177	16.73615247170935	33.4723049434187	0.0
150.0	27.114577084583086	19.67606478704259	20.095980803839232	33.113377324535094	0.0
151.0	31.242460796139927	18.154402895054282	19.240048250904703	31.363088057901084	0.0
152.0	27.956337174044876	16.858702243784112	18.01091570648878	37.174044875682235	0.0
153.0	29.034229828850854	17.726161369193154	20.537897310513447	32.701711491442545	0.0
154.0	30.71253071253071	17.506142506142506	19.717444717444717	32.06388206388206	0.0
155.0	30.043183220234422	19.432449105490438	19.925971622455275	30.598396051819865	0.0
156.0	29.931972789115648	16.94495980210266	21.397649969078543	31.72541743970315	0.0
157.0	30.410447761194032	19.58955223880597	19.465174129353233	30.534825870646763	0.0
158.0	27.25563909774436	20.30075187969925	20.112781954887218	32.33082706766917	0.0
159.0	34.40453686200378	15.43793320730939	21.361058601134218	28.796471329552613	0.0
160.0	25.237793278376664	16.867469879518072	22.70133164235891	35.19340519974635	0.0
161.0	28.972559029993615	16.975111678366307	22.335673261008296	31.71665603063178	0.0
162.0	32.71446862996159	18.053777208706787	21.382842509603073	27.848911651728553	0.0
163.0	28.690629011553277	18.998716302952502	17.715019255455715	34.59563543003851	0.0
164.0	28.193548387096772	16.451612903225808	19.483870967741936	35.87096774193548	0.0
165.0	27.92501616031028	17.582417582417584	21.91338073691015	32.57918552036199	0.0
166.0	28.45106934543098	18.535320803629293	21.06286454957874	31.950745301360982	0.0
167.0	28.766233766233768	18.051948051948052	20.194805194805195	32.98701298701299	0.0
168.0	27.438231469440833	19.570871261378414	19.960988296488946	33.02990897269181	0.0
169.0	25.979112271540473	16.383812010443865	23.825065274151434	33.81201044386423	0.0
170.0	26.67103538663172	17.234600262123198	20.31454783748362	35.77981651376147	0.0
171.0	29.790026246719158	18.04461942257218	17.454068241469816	34.71128608923885	0.0
172.0	27.105263157894736	20.065789473684212	17.039473684210527	35.78947368421053	0.0
173.0	28.49569251159708	15.772034459907221	20.609675281643472	35.12259774685222	0.0
174.0	33.1781914893617	17.61968085106383	17.5531914893617	31.648936170212767	0.0
175.0	29.058116232464933	17.30126920507682	20.240480961923847	33.4001336005344	0.0
176.0	29.012760241773	16.588314304902617	18.334452652787107	36.064472800537274	0.0
177.0	29.121621621621625	20.0	18.986486486486488	31.891891891891895	0.0
178.0	27.520435967302454	19.891008174386922	20.367847411444142	32.22070844686649	0.0
179.0	28.12071330589849	16.049382716049383	23.73113854595336	32.098765432098766	0.0
180.0	30.536451169188446	17.67537826685007	20.357634112792297	31.43053645116919	0.0
181.0	29.688581314878892	16.67820069204152	17.50865051903114	36.12456747404844	0.0
182.0	27.38012508686588	18.34607366226546	22.932592077831828	31.341209173036834	0.0
183.0	28.631284916201118	23.463687150837988	19.273743016759777	28.631284916201118	0.0
184.0	32.68019594121763	19.804058782365292	16.794961511546536	30.72078376487054	0.0
185.0	28.34978843441467	19.2524682651622	22.143864598025388	30.253878702397742	0.0
186.0	28.72416250890948	19.173200285103352	20.3136136849608	31.789023521026373	0.0
187.0	30.050323508267436	21.49532710280374	17.97268152408339	30.481667864845434	0.0
188.0	30.07246376811594	16.666666666666664	20.942028985507246	32.31884057971015	0.0
189.0	31.313868613138684	19.416058394160586	18.83211678832117	30.437956204379564	0.0
190.0	35.147058823529406	15.955882352941176	17.86764705882353	31.029411764705884	0.0
191.0	28.423390081421168	21.53960029607698	20.133234641006663	29.90377498149519	0.0
192.0	32.73542600896861	16.89088191330344	17.41405082212257	32.95964125560538	0.0
193.0	30.867924528301888	18.641509433962263	19.69811320754717	30.792452830188676	0.0
194.0	29.514415781487102	20.333839150227618	21.2443095599393	28.90743550834598	0.0
195.0	29.411764705882355	21.695951107715814	19.327731092436977	29.564553093964857	0.0
196.0	29.9922898997687	20.123361603700847	17.501927525057827	32.382420971472634	0.0
197.0	28.694292415949963	19.546520719311964	20.79749804534793	30.961688819390147	0.0
198.0	28.708133971291865	23.684210526315788	20.73365231259968	26.87400318979266	0.0
199.0	30.409356725146196	23.141186299081035	19.131161236424393	27.31829573934837	0.0
200.0	24.904214559386972	17.720306513409962	21.26436781609195	36.11111111111111	0.0
201.0	31.241473396998636	16.5075034106412	21.828103683492497	30.42291950886767	0.0
202.0	32.55494505494506	18.40659340659341	19.642857142857142	29.395604395604398	0.0
203.0	27.877947295423024	21.35922330097087	21.081830790568652	29.680998613037445	0.0
204.0	31.101813110181308	19.246861924686193	23.15202231520223	26.499302649930268	0.0
205.0	27.769985974754558	18.2328190743338	25.666199158485277	28.330995792426368	0.0
206.0	29.80225988700565	18.785310734463277	23.30508474576271	28.10734463276836	0.0
207.0	28.165007112375534	18.91891891891892	22.759601706970127	30.156472261735416	0.0
208.0	27.714285714285715	18.571428571428573	25.0	28.714285714285715	0.0
209.0	26.21776504297994	19.91404011461318	20.057306590257877	33.810888252149	0.0
210.0	28.57142857142857	18.9033189033189	19.336219336219337	33.18903318903319	0.0
211.0	31.97080291970803	19.124087591240876	19.124087591240876	29.781021897810216	0.0
212.0	25.96439169139466	17.655786350148368	23.14540059347181	33.23442136498516	0.0
213.0	29.297458893871447	19.880418535127056	19.581464872944693	31.2406576980568	0.0
214.0	31.17469879518072	20.481927710843372	20.632530120481928	27.710843373493976	0.0
215.0	25.0381679389313	22.290076335877863	19.389312977099237	33.2824427480916	0.0
216.0	29.076923076923077	16.76923076923077	21.846153846153847	32.30769230769231	0.0
217.0	23.244929797191887	20.74882995319813	26.365054602184085	29.6411856474259	0.0
218.0	26.461038961038962	19.642857142857142	19.805194805194805	34.090909090909086	0.0
219.0	26.07913669064748	25.899280575539567	21.942446043165468	26.07913669064748	0.0
220.0	15.211267605633802	27.887323943661972	22.535211267605636	34.36619718309859	0.0
