# Position (bp)	A	C	G	T	N
0.0	25.322808130063525	24.848845981435115	22.17836720859801	27.64997867990335	0.0
1.0	27.233416791489457	20.202158249784066	15.498616927063402	37.065808031663074	0.0
2.0	28.389450914414315	19.7434832958245	18.062687088950554	33.80437870081063	0.0
3.0	23.998232415535103	22.525790912215427	15.437449877523854	38.03852679472561	0.0
4.0	32.664176866668484	14.456832865359976	15.430580923043372	37.448409344928166	0.0
5.0	34.69646787091713	15.274660623624516	22.300786612337394	27.728084893120958	0.0
6.0	31.79627118090165	18.042778476772497	20.03899845858048	30.12195188374538	0.0
7.0	32.5118994456002	18.144340002831903	19.91046824454586	29.433292307022036	0.0
8.0	24.241170128186976	25.166359903723627	21.730796458249383	28.861673509840013	0.0
9.0	28.787730301842412	18.357724639574894	15.60063591619844	37.25390914238425	0.0
10.0	27.88236446980173	16.587546138518995	23.31696482040003	32.21312457127925	0.0
11.0	28.525935885641495	18.773781593114975	18.813519648563172	33.88676287268036	0.0
12.0	27.641183354652586	19.205835125057835	20.106686987997712	33.04629453229187	0.0
13.0	26.665215261525066	20.873564469602133	18.34811952321341	34.113100745659395	0.0
14.0	30.2587684688852	17.824821093303584	20.144213762890807	31.772196674920412	0.0
15.0	30.300771921426122	18.180680748747463	19.405745619522705	32.112801710303714	0.0
16.0	29.414579764526742	18.02811539821084	18.702993718900398	33.85431111836202	0.0
17.0	29.80745702991186	18.026502525733115	19.14391513101731	33.02212531333772	0.0
18.0	30.9908009481765	18.158884805254118	18.265989604853967	32.58432464171542	0.0
19.0	29.86686816741233	18.593336341348063	18.650416138905047	32.889379352334565	0.0
20.0	29.867384096961793	18.20642426218816	19.395619327137346	32.5305723137127	0.0
21.0	30.087552920332822	18.017641016722553	19.026863692439797	32.86794237050483	0.0
22.0	29.042705225806802	18.250384450276858	18.755739584522004	33.95117073939433	0.0
23.0	29.49230635486395	17.452512388072677	19.739959141093628	33.315222115969746	0.0
24.0	30.174226249653668	18.416263289708862	18.547191029548383	32.86231943108909	0.0
25.0	29.225562521050403	18.537390945339578	19.01217935485273	33.22486717875729	0.0
26.0	30.93573636210558	18.333414810348668	19.7896806644179	30.94116816312785	0.0
27.0	29.183775445914534	19.17866996893263	18.514957961285276	33.122596623867565	0.0
28.0	29.98794356284011	17.9869008439506	18.99160394060847	33.03355165260082	0.0
29.0	29.684979934508842	18.328292071008487	18.764356736737497	33.22237125774517	0.0
30.0	30.281009330769816	18.68435059362814	17.8979155125406	33.13672456306145	0.0
31.0	30.344853807840007	18.3931083554672	19.060111782821945	32.20192605387085	0.0
32.0	29.516949935089976	18.149819935796113	19.46757486379759	32.86565526531632	0.0
33.0	29.902051376824986	18.623827279941732	19.24184939176188	32.232271951471404	0.0
34.0	30.35877364644488	18.476842791911285	18.629593389867363	32.53479017177647	0.0
35.0	30.38477010556987	17.667460343346704	18.90853148069626	33.039238070387164	0.0
36.0	30.576063673629157	18.027270058389238	18.694886320390566	32.701779947591035	0.0
37.0	29.338103756708406	19.018982007601505	18.435003887750053	33.207910347940036	0.0
38.0	29.910551643511596	18.88148772464044	19.069084581713387	32.13887605013458	0.0
39.0	29.389628469503176	18.769577133907596	19.368311145914905	32.47248325067432	0.0
40.0	29.877637589732437	18.688818794866215	18.803567544050466	32.62997607135088	0.0
41.0	30.409410792172903	18.629605055635924	18.699217942721646	32.26176620946953	0.0
42.0	29.971499744367936	19.32632792698713	19.044588758715967	31.657583569928967	0.0
43.0	30.181023041274123	18.71151628554644	19.252736015317335	31.8547246578621	0.0
44.0	30.341998901164658	18.824354978213687	19.340589998422463	31.493056122199192	0.0
45.0	29.773010373094138	18.58834536365664	19.005009763872042	32.63363449937718	0.0
46.0	29.87815491731941	18.614556135770236	19.314077458659703	32.193211488250654	0.0
47.0	30.28921483286908	19.247802054317546	18.704300139275766	31.758682973537606	0.0
48.0	30.635095947203194	18.389109842817426	18.991398212177433	31.984395997801947	0.0
49.0	29.26175007889611	19.121151774346252	18.62165779765597	32.99544034910167	0.0
50.0	29.874574887770372	18.275064617058902	19.829683036321587	32.020677458849136	0.0
51.0	29.39896062906429	19.0438875738035	19.013958044241285	32.54319375289092	0.0
52.0	30.254529227051822	18.17731604181746	19.002889780191673	32.565264950939046	0.0
53.0	30.532984287494763	18.314021519655597	19.229450470504357	31.923543722345283	0.0
54.0	30.644423882871607	18.098840690143145	19.111740053339137	32.14499537364611	0.0
55.0	29.95656339132139	18.04469942737704	19.171438524679395	32.827298656622176	0.0
56.0	29.509553099994555	18.38930923738501	19.39850851886125	32.70262914375919	0.0
57.0	28.890509915785234	18.229475712722582	19.371029467002725	33.50898490448946	0.0
58.0	28.703870044040876	18.315885744149206	19.527145835715025	33.4530983760949	0.0
59.0	29.783434774560934	18.07432248511046	19.652014851431247	32.49022788889736	0.0
60.0	29.566921632141984	18.39453412091352	18.927511772872034	33.11103247407246	0.0
61.0	29.41519130680952	18.10555083730755	18.85139696435182	33.62786089153111	0.0
62.0	30.04927181162379	17.771063018919286	18.932353341499933	33.247311827956985	0.0
63.0	29.91533498489097	17.946260855361665	18.81850107532736	33.319903084420005	0.0
64.0	29.348412002678874	18.608943749013115	19.262328554549462	32.780315693758546	0.0
65.0	30.17086477833317	18.00505298006033	19.371208903699348	32.45287333790715	0.0
66.0	29.939503504004968	18.690204577259635	19.36377942465709	32.006512494078315	0.0
67.0	29.618214194307246	17.76983941144758	19.148646514591285	33.46329987965389	0.0
68.0	29.67454880134189	18.37470455609894	19.17036085000708	32.78038579255209	0.0
69.0	29.676326581740746	18.234746284264013	19.071297471284403	33.01762966271084	0.0
70.0	29.7284932327551	17.153672285613137	19.52343345769451	33.59440102393726	0.0
71.0	30.240576031720963	17.762430487851375	19.443249219775492	32.553744260652174	0.0
72.0	30.492381943271763	18.33454081938369	19.04868256916716	32.12439466817739	0.0
73.0	29.970201940414775	18.547794017508405	18.295572781896727	33.18643126018009	0.0
74.0	29.755010650526533	18.49759477879047	19.046737016436133	32.70065755424687	0.0
75.0	30.454585076708508	18.252593270571825	18.880753138075317	32.412068514644346	0.0
76.0	29.767398778421317	18.05233936131377	18.84565718426659	33.33460467599832	0.0
77.0	30.029534209551212	18.35425793936224	19.514374768412562	32.10183308267399	0.0
78.0	29.97269858915464	17.991139302587914	18.553515669701973	33.48264643855548	0.0
79.0	29.74532810873558	18.471205672212808	18.36384345826226	33.41962276078936	0.0
80.0	30.769063073963252	18.194056125090608	18.999035332973627	32.03784546797251	0.0
81.0	30.612500749478087	17.998920751549374	18.746763617335567	32.64181488163697	0.0
82.0	30.484507533634243	18.0959856959072	18.777937681254226	32.64156908920434	0.0
83.0	30.097643152712582	18.45733632096302	18.84441972925969	32.60060079706471	0.0
84.0	30.036967568864366	18.234062506815555	17.87311072822839	33.855859196091686	0.0
85.0	29.072696737044147	18.061311289478276	18.981198743674753	33.88479322980283	0.0
86.0	29.236876833644164	17.90836414400855	20.531906771804685	32.322852250542596	0.0
87.0	30.914128028096812	19.359096015619034	20.630869408723537	29.095906547560617	0.0
88.0	31.016559036565145	19.2065188934462	19.088707566105246	30.688214503883408	0.0
89.0	31.12335342405978	20.242179616548942	18.396923664330327	30.237543295060952	0.0
90.0	30.74518745602025	19.488552991168593	18.723782613201834	31.042476939609326	0.0
91.0	31.241987660314983	17.401028852605684	22.515833747020093	28.84114974005924	0.0
92.0	26.447561527843703	20.03808152064204	22.387351261109384	31.127005690404875	0.0
93.0	27.365882404295256	19.56272643939063	18.069863372473698	35.001527783840416	0.0
94.0	26.64709381326843	20.547130375940668	16.920331574323182	35.88544423646772	0.0
95.0	29.1729709357265	18.523899779874043	16.352682204755375	35.950447079644086	0.0
96.0	34.13695875499989	15.433542436230901	18.132936984983935	32.296561823785275	0.0
97.0	33.58717237530978	16.319005651201085	20.782524494920484	29.311297478568655	0.0
98.0	31.58612082697013	16.678982544296105	21.391311011489343	30.34358561724442	0.0
99.0	29.37875071181392	18.99721845021683	22.306058084015945	29.317972753953303	0.0
100.0	29.49997018900173	17.840888765228453	27.589085199833058	25.07005584593676	0.0
