# Position (bp)	A	C	G	T	N
0.0	26.51580211717973	21.60267023169749	27.674142016898486	24.207385634224295	0.0
1.0	26.56019605601433	19.983759714124066	17.48498359848385	35.97106063137775	0.0
2.0	27.349327807158218	20.22166792305655	18.66946856163247	33.75953570815276	0.0
3.0	24.477110287715888	22.272165866893438	16.87507050442117	36.37565334096951	0.0
4.0	32.09514612218619	15.416695408245385	16.561759904348026	35.92639856522039	0.0
5.0	32.739780076510044	16.68639459283276	22.24280788430858	28.331017446348618	0.0
6.0	31.07139199016696	18.058827546177746	20.77287263705373	30.096907826601573	0.0
7.0	31.476432846649132	18.8117801759318	20.032080348236146	29.679706629182917	0.0
8.0	24.972095210574924	24.71372802320772	20.821222371425495	29.49295439479186	0.0
9.0	28.960337151208236	18.948045180074544	16.853595259944036	35.23802240877318	0.0
10.0	27.393366270756946	17.858406829088747	22.753436486926486	31.99479041322782	0.0
11.0	28.18911635490738	18.70867113546809	19.36002536346755	33.74218714615698	0.0
12.0	27.41005544847028	19.674441906476346	20.913045816456787	32.00245682859658	0.0
13.0	27.348676092690493	21.353453252883842	18.561305002433862	32.7365656519918	0.0
14.0	29.711122995560306	18.82694827152005	19.948613905371488	31.513314827548157	0.0
15.0	29.73277313301928	18.656085105179024	19.533166404956926	32.077975356844775	0.0
16.0	29.584101734417956	18.480376073404457	18.822055279622568	33.11346691255501	0.0
17.0	28.90537288360873	19.036845781640174	19.578404395815717	32.47937693893538	0.0
18.0	30.54474928188542	18.471377196752087	18.966423902472123	32.01744961889037	0.0
19.0	29.423868894347226	18.836544739690947	19.34786356916937	32.39172279679246	0.0
20.0	29.62600817276987	18.755828609216127	18.86349891764493	32.75466430036907	0.0
21.0	29.50708961339143	18.212027194276317	19.76445190422099	32.516431288111264	0.0
22.0	29.246778345054008	19.191767933478936	19.01122528840204	32.550228433065016	0.0
23.0	29.166984503679842	18.351767880097754	19.790933875775167	32.69031374044723	0.0
24.0	29.51570847022863	19.05639003223337	19.13379531669779	32.29410618084022	0.0
25.0	29.41141575471325	18.83972406935554	19.458647126287424	32.29021304964379	0.0
26.0	29.91432469612526	18.30762320944829	19.672270070704016	32.105782023722426	0.0
27.0	28.470344979535113	19.09688973252999	19.961810175102606	32.470955112832286	0.0
28.0	29.341829860434377	18.61609425269824	19.79933733867756	32.24273854818983	0.0
29.0	28.64458435370115	19.069650518728164	19.547846423699085	32.73791870387161	0.0
30.0	29.5790799753696	19.11906766016823	18.955524045713123	32.346328318749045	0.0
31.0	29.282629389117844	18.848738380189193	19.297854130593823	32.57077810009915	0.0
32.0	28.855670801979528	18.928942670553408	19.244175536121844	32.97121099134522	0.0
33.0	29.4996666704331	18.554310120789598	20.181410379543735	31.764612829233567	0.0
34.0	29.29333163834626	18.930180657372485	19.765526787858242	32.010960916423016	0.0
35.0	29.380403254333213	19.033604527767952	19.296215068977716	32.28977714892112	0.0
36.0	29.769903776912127	18.295995146319196	19.37077925391668	32.56332182285199	0.0
37.0	28.819760043628428	19.624272859480094	18.822430012724958	32.733537084166514	0.0
38.0	29.153981414564473	18.615026546557484	19.49592838973647	32.73506364914158	0.0
39.0	28.810032184406097	19.00504859018618	20.337750968525416	31.847168256882302	0.0
40.0	29.454798815537366	19.352029263194563	19.804626485932364	31.388545435335708	0.0
41.0	29.259563365251744	19.136743749588742	19.494645774267102	32.109047110892405	0.0
42.0	29.23929338183236	19.722076514949567	19.772524672301955	31.26610543091612	0.0
43.0	29.693862898825422	19.21570316762873	19.143333046150314	31.947100887395536	0.0
44.0	29.39383911485835	19.195430413075695	19.316576262895126	32.094154209170824	0.0
45.0	29.224448608908748	19.485080005766182	19.611071068185094	31.679400317139972	0.0
46.0	29.174104692744528	19.217259686765225	19.629745171782297	31.978890448707947	0.0
47.0	29.100538287897205	19.112982577993865	19.437402326792846	32.34907680731609	0.0
48.0	29.855501887405122	18.858685252726733	19.727877350558686	31.55793550930946	0.0
49.0	29.721369422959064	19.15298395833757	19.537832821653776	31.58781379704959	0.0
50.0	29.465179631656152	19.148292160469392	19.434096253696246	31.952431954178213	0.0
51.0	29.881615395830295	19.342178160081644	19.690042280215774	31.086164163872283	0.0
52.0	29.2672238760623	19.65433930955504	19.348760301605896	31.729676512776766	0.0
53.0	30.05377461498605	19.018708413956226	19.144582580771697	31.782934390286027	0.0
54.0	29.432676119131564	18.97200044583409	20.026750045463345	31.568573389571004	0.0
55.0	29.497405032415053	18.957075768351388	18.664076597095285	32.88144260213828	0.0
56.0	29.30796387738096	19.158709267094792	19.901301745180657	31.632025110343587	0.0
57.0	28.676461910662653	18.954387207175312	19.74007198914262	32.62907889301941	0.0
58.0	29.23824499592107	18.903772714912332	19.6400491836228	32.2179331055438	0.0
59.0	29.46138563438415	18.53039495228536	19.82074809689196	32.18747131643853	0.0
60.0	29.225670740209996	19.05219653882327	19.69601219986174	32.02612052110499	0.0
61.0	29.669565217391302	19.014492753623188	19.915867707172055	31.400074321813452	0.0
62.0	29.464312309736147	18.986768657027625	19.45233797413305	32.09658105910317	0.0
63.0	28.79426317077392	18.853290679144607	20.104566425344228	32.24787972473724	0.0
64.0	28.555069872572997	19.66238720826631	19.52814336883271	32.25439955032798	0.0
65.0	29.172158845803576	18.23503331256291	20.053743469299718	32.5390643723338	0.0
66.0	29.456894326415693	18.595681328378728	20.440751835465456	31.506672509740124	0.0
67.0	28.629898054310885	18.416984933690195	20.067963792740503	32.88515321925841	0.0
68.0	28.766297748221447	18.461691440348808	19.926417192222278	32.84559361920746	0.0
69.0	29.16260381038058	18.617491766112305	19.989554811579065	32.23034961192804	0.0
70.0	28.71170023866926	18.65250179228817	20.05487275510235	32.58092521394022	0.0
71.0	29.253168623505093	18.63502185153082	20.003091340004968	32.108718184959116	0.0
72.0	29.747692494534856	18.818921544814184	19.554590721399077	31.878795239251883	0.0
73.0	29.265577619689225	18.491798691562067	19.287141601452603	32.955482087296105	0.0
74.0	29.020678559021956	18.794146864696526	19.530664358891535	32.65451021738998	0.0
75.0	29.419486402989264	18.445715751040993	19.837470846104065	32.297326999865675	0.0
76.0	29.137442149986388	19.0433221278405	19.531510478002463	32.287725244170645	0.0
77.0	29.35074407315698	18.538086248743536	20.258525582877738	31.85264409522175	0.0
78.0	29.306248004519	18.89444212491097	19.512734238770047	32.286575631799984	0.0
79.0	29.82092499023591	18.522561975083878	19.421473624646723	32.23503941003349	0.0
80.0	30.344419698551906	18.48456564797787	19.168414794552618	32.002599858917606	0.0
81.0	29.4527882096272	18.75418516884167	19.708017934894972	32.08500868663616	0.0
82.0	29.874959427502745	18.720227515108427	18.894264208102136	32.5105488492867	0.0
83.0	29.60178128474233	18.81590397413545	19.465614577301007	32.116700163821214	0.0
84.0	29.992740088980447	18.4792658182292	19.298332702486366	32.22966139030399	0.0
85.0	29.682201743616837	18.555377705947258	19.186001336462105	32.5764192139738	0.0
86.0	29.481602799824387	18.586200776552715	19.503803364646615	32.42839305897628	0.0
87.0	29.48162058295069	18.758422339788382	19.80435216610102	31.955604911159913	0.0
88.0	29.791548204477714	18.868449171129175	19.17025437867493	32.169748245718175	0.0
89.0	29.738704256031646	18.9726561155222	19.92000575858389	31.36863386986226	0.0
90.0	30.087116806741125	18.54092671717916	19.580121443148368	31.791835032931342	0.0
91.0	29.749953683496567	18.64309915499857	19.57602343772079	32.03092372378407	0.0
92.0	28.959552116751585	18.734666918286468	19.525067622821915	32.780713342140025	0.0
93.0	29.387931278926526	18.836858339188215	20.25368699964398	31.521523382241277	0.0
94.0	29.711249798755603	18.445035813611383	19.164780493656462	32.678933893976556	0.0
95.0	29.185601209280854	18.886158730761082	20.323128444979936	31.60511161497813	0.0
96.0	29.777683447585503	18.969766469418012	20.07406328007197	31.178486802924514	0.0
97.0	29.115663094036943	19.06756267966266	19.56982492210652	32.246949304193876	0.0
98.0	29.320115565415556	18.455186617804575	20.15624851014058	32.06844930663929	0.0
99.0	29.664672679403143	18.661237587986413	19.92066498785461	31.753424744755836	0.0
100.0	29.535096587774163	18.658008796073343	19.88237883074097	31.92451578541153	0.0
101.0	29.331399249797112	18.74261139618253	20.556453725773366	31.369535628246993	0.0
102.0	29.61171574903969	18.496798975672217	19.808258642765686	32.083226632522404	0.0
103.0	29.409425460609658	18.59307602264163	20.006414059618685	31.991084457130032	0.0
104.0	29.932951884061698	18.15632138118476	19.34693143229811	32.56379530245543	0.0
105.0	29.67061618239231	18.667014301302665	19.96163143647138	31.700738079833652	0.0
106.0	28.76792290971949	18.623378633763117	19.94433658627829	32.6643618702391	0.0
107.0	29.123732159763215	18.30795229463331	19.749065376773522	32.81925016882995	0.0
108.0	28.807101258323808	18.88068422773492	20.697759490843403	31.614455023097864	0.0
109.0	29.042301667353154	18.703155354762547	20.02640002854057	32.22814294934373	0.0
110.0	29.447794949114208	18.18078427804567	20.68998011359944	31.68144065924068	0.0
111.0	29.685200859430953	18.71476007552575	19.99544241161534	31.604596653427958	0.0
112.0	29.184564754384418	18.596072368614173	19.129019527262173	33.09034334973923	0.0
113.0	29.798555930718667	17.938099175984913	19.78584106085814	32.47750383243828	0.0
114.0	29.44596387219338	18.22341592833396	19.562404808306447	32.76821539116621	0.0
115.0	29.682504251002843	18.041649979975972	20.4304181411136	31.845427627907586	0.0
116.0	29.640593496015182	18.65348371372468	19.52346651141832	32.18245627884182	0.0
117.0	29.883204604566988	18.457826082656727	19.577321320846146	32.08164799193014	0.0
118.0	29.617880698415217	18.384617418084247	19.51372642319944	32.483775460301096	0.0
119.0	29.965694455482268	18.409759198919176	18.750827836498978	32.87371850909958	0.0
120.0	30.16312915912976	17.92230206276241	20.107203903151397	31.80736487495644	0.0
121.0	29.75598885052654	18.074320953160235	19.719467007271106	32.45022318904211	0.0
122.0	29.495374320145036	18.403407273115068	19.534499306814546	32.56671909992535	0.0
123.0	29.07176349573186	18.97885301307827	19.483815808808796	32.46556768238108	0.0
124.0	29.2867280809812	18.868164533233355	18.93176584007284	32.913341545712605	0.0
125.0	28.750574508271242	18.93512166156179	19.70840140767107	32.605902422495895	0.0
126.0	29.556857311955238	18.636002905412678	19.389930592919402	32.417209189712686	0.0
127.0	29.782837340381064	18.282857566645543	19.102358382438208	32.831946710535185	0.0
128.0	29.37448668160571	17.91874106445758	20.158921684934885	32.547850569001824	0.0
129.0	29.17309080312154	17.936979644947154	19.829826743157657	33.06010280877365	0.0
130.0	29.208798825735954	18.616638125526652	19.47728940715975	32.697273641577645	0.0
131.0	28.95819065823052	18.80517480468417	19.892401677688852	32.344232859396456	0.0
132.0	30.494207993003812	18.01722400429063	19.244630736068267	32.24393726663729	0.0
133.0	29.758736096409642	18.658815227407416	19.758085235389025	31.824363440793913	0.0
134.0	30.14354066985646	18.179757296393106	19.213291337068117	32.46341069668232	0.0
135.0	28.91359164439055	18.319577259073498	20.332350428528123	32.43448066800782	0.0
136.0	27.666026937773395	19.495478672821896	20.009682383249476	32.828812006155225	0.0
137.0	30.122613204765784	18.33058739876173	21.986091118780458	29.560708277692026	0.0
138.0	29.79730858081216	20.339767318878902	20.10562498260458	29.75729911770436	0.0
139.0	30.4288954807189	19.19350898621532	19.6311289478276	30.74646658523818	0.0
140.0	28.396164925043628	21.819698212120574	19.122109851909478	30.66202701092632	0.0
141.0	31.254812476047494	16.28383676081247	20.425994226786727	32.03535653635331	0.0
142.0	27.43792325056433	20.441591422121896	25.028922121896162	27.091563205417607	0.0
143.0	27.348334170907624	20.25183853455171	18.55628145327397	33.843545841266696	0.0
144.0	27.65888398731852	20.458330510076355	19.14061246251012	32.742173040095004	0.0
145.0	25.993586629093386	21.26453535451689	16.990394339534365	35.75148367685536	0.0
146.0	32.07192085653976	15.716429243552154	17.37493959970499	34.83671030020309	0.0
147.0	33.62071814379767	16.465387143323994	22.883443917735484	27.03045079514285	0.0
148.0	30.425323373479664	18.309770260035343	20.28156882546	30.98333754102499	0.0
149.0	32.646040349292385	18.194444444444443	21.281616982836496	27.877898223426676	0.0
150.0	22.11626107494298	27.575240742016117	21.659691866424136	28.64880631661677	0.0
