# Position (bp)	A	C	G	T	N
0.0	26.764862748658125	24.731341420514507	23.534151129671027	24.969644701156337	0.0
1.0	27.237173937591745	20.335378477058004	15.353257801031356	37.0738133774984	3.764068204915873E-4
2.0	27.982456140350877	20.563052931473987	17.668316089368723	33.78617483880642	0.0
3.0	23.715606953689385	22.2931934825971	14.731392456128557	39.256818843990224	0.002988263594731691
4.0	34.14390084218671	14.659777400827306	14.42802725947088	36.76569056334256	0.002603934172544118
5.0	35.9525197432175	14.971429420085917	22.18257695863485	26.887904564238323	0.005569313823408198
6.0	32.228775070200264	17.64230834771914	20.20767424113328	29.920501441050302	7.408998970149143E-4
7.0	34.89878782051756	17.245638298659134	20.469488429195852	27.38571565922891	3.697923985474555E-4
8.0	23.348555944017217	26.682639947723807	22.020976929807397	27.94782717845158	0.0
9.0	28.522497677230962	18.738847021693925	16.103794593478547	36.63449201409884	3.686934977214742E-4
10.0	27.10520598188936	17.276553748255406	24.18791175203367	31.428487256631303	0.001841261190264884
11.0	28.32531343810701	18.720201306727883	19.604229207134026	33.35025604803108	0.0
12.0	26.22254892952311	20.10548561977396	21.10851787191032	32.56344757879261	0.0
13.0	27.21832446701104	21.405100980618915	18.60275571905323	32.77345169781811	3.671354986985046E-4
14.0	30.926393003865936	18.85093931617342	20.48102093039478	29.741646749565863	0.0
15.0	29.542292173772573	19.067916395904234	19.41265662918213	31.977134801141055	0.0
16.0	30.301161249582382	17.987436623234537	19.070119208896426	32.64128291828665	0.0
17.0	29.93622856387607	18.783019248914197	20.215214829337064	31.064068815877878	0.0014685419947940185
18.0	32.08764258624931	18.49298220494238	18.155584681638455	31.26379052716986	0.0
19.0	30.728139834568747	18.757319764005302	19.70306080865265	30.811479592773306	0.0
20.0	30.0258096255585	18.493349340441075	19.887729964497996	31.59311106950242	0.0
21.0	29.79121004189016	17.748431413581812	19.440558927083217	33.01906534644741	7.342709973970093E-4
22.0	28.280447464745812	19.15859886408277	19.870841731557867	32.69011193961355	0.0
23.0	29.64802719739774	17.898956968048196	20.201630815885217	32.249916476674045	0.0014685419947940185
24.0	30.653978463831642	18.311617268585316	18.689766832244775	32.344270299839565	3.671354986985046E-4
25.0	29.157167035637844	18.763928202981877	19.237532996302946	32.84137176507734	0.0
26.0	31.228178383796106	17.794323350919125	20.429254825078292	30.547142033710383	0.001101406496095514
27.0	28.448595523149727	18.726480382114627	19.896908351965457	32.927648607271486	3.671354986985046E-4
28.0	29.84224187620925	18.146406294170987	20.37308309377742	31.637167329346244	0.001101406496095514
29.0	29.06685170295801	18.827809779755412	19.266536700700126	32.83880181658645	0.0
30.0	29.9067822434676	18.787471592265018	18.98389341087406	32.3200170354624	0.0018357179309256056
31.0	30.348200255532877	18.731000249658557	19.220404446859444	31.698192178344325	0.002202869604805193
32.0	29.053292456813466	18.905512822866374	19.572265158886054	32.46856240706405	3.671543700548896E-4
33.0	29.59314429223409	18.088391339308334	19.336752864806115	32.981711503651454	0.0
34.0	29.421289751677087	18.370681520266423	19.471483071228985	32.73544412091927	0.0011015359082347154
35.0	30.31006155633839	17.627396615504548	19.42407683878417	32.637729549248746	7.35440124142293E-4
36.0	30.86219455665188	17.800145685716178	18.893892236717218	32.44339962769206	3.6789322267105195E-4
37.0	29.015055884528618	19.48837226419747	19.345578737013334	32.15099311426059	0.0
38.0	30.82774592865059	18.40106335583023	19.031050137521955	31.73903598399075	0.001104594006472921
39.0	30.117298486506805	19.042670410784236	19.347432736706725	31.491492819475308	0.0011055465269255856
40.0	29.774822203749885	19.125150087743602	19.284012191742868	31.81564607001016	3.694467534866537E-4
41.0	29.1899886571723	18.361295009897173	20.370384099283104	32.07833223364742	0.0
42.0	28.8467608667397	18.824293963644468	19.844031416528956	32.48454239931671	3.7135377016915165E-4
43.0	29.426535030615053	18.83030406737544	20.287030079383385	31.455758829262486	3.7199336363839266E-4
44.0	29.508068481516247	18.96093156318448	19.854201123478312	31.67642632574911	3.7250607184897115E-4
45.0	29.43695331878625	18.83623342471885	20.058188328764057	31.668624927730843	0.0
46.0	30.069384279867357	17.872987183700296	19.525438413049322	32.532190123383025	0.0
47.0	29.90132316662929	19.181430814083875	19.596695821185616	31.31980264633326	7.475517679599313E-4
48.0	30.089296736759803	18.333701194488818	18.732861722862136	32.8433921537086	7.481921806435202E-4
49.0	28.710576181310245	18.468434731157828	20.263337252934082	32.55727735044975	3.744841480860115E-4
50.0	29.74332806807565	18.769205371313223	19.120014107388744	32.366702060204034	7.503930183433573E-4
51.0	30.036342021308617	18.44752603382893	19.5471919581051	31.96856377535665	3.7621140071028716E-4
52.0	29.310898101411574	18.72010449975649	19.743582967445757	32.22541443138617	0.0
53.0	31.011195951883163	18.179029179165532	19.12098900099991	31.688785867951395	0.0
54.0	29.679487666466613	19.159329347504045	19.38039853228294	31.780784453746403	0.0
55.0	28.94421150045129	18.671952654609434	18.25646181559214	34.12737402934714	0.0
56.0	28.89185784631828	18.3417948620071	20.869565217391305	31.89563690498912	0.0011451692941939916
57.0	28.152666500946516	19.36248733196933	19.445092452721955	33.0397537143622	0.0
58.0	30.703985779303373	18.05591737284889	21.756286681888533	29.483810165959206	0.0
59.0	29.380433780836224	20.5435316887346	20.920248225860956	29.155402291788267	3.8401277994531654E-4
60.0	31.30305120271869	18.926010549555556	19.62186509052659	30.14830255416376	7.706030354053564E-4
61.0	28.886087501256757	21.52496887108375	19.372239967208298	30.213996798168612	0.0027068622825809543
62.0	31.03606457958349	17.18208783476459	21.443593940124323	30.33747614030859	7.775052190037825E-4
63.0	26.310165451321616	20.912154624769556	24.95586790510523	27.821812018803598	0.0
64.0	26.557380922379032	20.48103578629032	17.732091103830644	35.2294921875	0.0
65.0	27.926957279515165	19.754015567130775	18.277712859717575	34.03854152225149	0.0027727713849993066
66.0	26.863043495581916	19.571418327264613	17.186690782187448	36.37446516927343	0.004382225692590852
67.0	33.7200262871065	14.55688593960377	17.388359941014297	34.33312495992819	0.0016028723472462654
68.0	34.47196024743941	15.467802454112158	23.0800121691512	26.98022512929723	0.0
69.0	31.6613183774965	17.369555019573493	20.327373415750955	30.640922922366087	8.302648129620943E-4
70.0	32.817966521341305	16.402479501946644	22.23971509051438	28.539390351113266	4.485350844143029E-4
71.0	25.562809481404177	20.69675501834909	25.20036528022779	28.540070220018944	0.0
