# Position (bp)	A	C	G	T	N
0.0	25.90665092563186	24.16714707281159	24.226445636479184	25.699756365077363	0.0
1.0	26.92326118621875	21.462352074831042	15.610783137633266	36.00360360131694	0.0
2.0	29.24877769304075	20.861540823720052	17.259938659415095	32.6297428238241	0.0
3.0	23.74489650428683	22.5569792221926	15.406145716647924	38.29197855687265	0.0
4.0	33.71472448968912	13.977629069586362	14.988894460424284	37.318751980300235	0.0
5.0	35.40149070091931	15.361532951664254	23.952734476649105	25.28424187076733	0.0
6.0	31.80517608553972	17.521038451963193	21.16465888927122	29.509126573225863	0.0
7.0	35.25670320678812	17.99072674828862	20.399409480345877	26.353160564577383	0.0
8.0	23.067213632060586	26.87799997145716	22.969295832269584	27.085490564212673	0.0
9.0	26.97623491391955	19.217244315614042	15.743406207433509	38.063114563032904	0.0
10.0	26.7047290729444	16.814032294638228	24.892623420034855	31.58861521238252	0.0
11.0	27.822450846850217	19.680986186850948	19.285921561103088	33.21064140519575	0.0
12.0	25.821264733259223	21.184638877568656	20.155954908654984	32.83814148051713	0.0
13.0	26.686287226603195	21.72842755906386	19.359165661060114	32.22611955327283	0.0
14.0	30.34362408444875	19.169942486176545	19.769199420897483	30.717234008477224	0.0
15.0	29.940044177974123	18.895043218617545	20.902556328502722	30.26235627490561	0.0
16.0	28.061354421206698	18.816708978784742	19.04145213286375	34.080484467144814	0.0
17.0	29.639202639895597	18.13356780748171	20.278356122677128	31.94887342994556	0.0
18.0	32.04918565690554	17.659883513496798	19.557173687941127	30.733757141656532	0.0
19.0	30.51448469865896	18.993008589809254	20.301222109284193	30.191284602247592	0.0
20.0	30.24588071312701	17.69167706630343	20.184275749209917	31.878166471359638	0.0
21.0	29.365016943347218	19.496472580637487	19.57089010847865	31.56762036753664	0.0
22.0	30.400249908425053	18.929484912730267	22.83320991197705	27.837055266867626	0.0
23.0	29.145538357613248	20.438449743193722	21.91649316319686	28.499518735996173	0.0
24.0	33.61601316776371	19.746032148752597	17.60625468776511	29.031699995718576	0.0
25.0	29.767946707345498	21.076794512163215	19.874887216137488	29.280371564353796	0.0
26.0	31.276023538329074	17.045927015957034	22.95458041231719	28.72346903339671	0.0
27.0	26.338207287621447	21.264828402029078	24.77123706256115	27.62572724778833	0.0
28.0	27.49308232548035	19.979052726554833	19.19360132946208	33.33426361850273	0.0
29.0	28.06306699163219	20.968300004281424	17.435600216291302	33.53303278779508	0.0
30.0	27.247926712908964	19.624396351847036	15.990983657203614	37.13669327804038	0.0
31.0	34.412506917489985	15.203834309125	18.40545502145637	31.978203751928653	0.0
32.0	34.12303566877285	15.566474365791263	23.608545415262586	26.7019445501733	0.0
33.0	31.168989444558008	17.639651854685308	20.894650000601235	30.296708700155445	0.0
34.0	32.76446546254883	17.34585874333226	22.057650650204184	27.83202514391473	0.0
35.0	27.354759118747186	20.949293566133974	24.978883558289294	26.717063756829546	0.0
