# Position (bp)	A	C	G	T	N
0.0	27.260821698323646	24.034520060347745	22.49248651410233	26.211692015437126	4.7971178915707445E-4
1.0	27.316993916920328	19.968079361969522	15.133392905781553	37.581055961465864	4.7785386273169943E-4
2.0	28.25314298093381	19.915584090957786	17.728293136981836	34.10226561253907	7.141785874975896E-4
3.0	23.973312051380713	21.59595642900236	15.196406770321177	39.232662096747376	0.001662652548371313
4.0	34.37098707809531	14.131171311191876	14.514516411814041	36.982614423063254	7.107758355169946E-4
5.0	36.01947650965426	14.744844001012627	22.072667822828116	27.156623598469704	0.006388068035290527
6.0	32.32002041115243	17.529494587737243	20.061044465128585	30.089204295791617	2.3624019012610502E-4
7.0	35.0211547945755	16.94955649262237	20.502334932429722	27.526717809434594	2.3597093781929816E-4
8.0	23.47911344074364	26.27317979127582	21.84910391899918	28.397895788749256	7.070602321043055E-4
9.0	28.79523576286193	18.236299756984344	15.844526496241734	37.122760582484034	0.0011774014279524517
10.0	27.069730232120374	16.968670219649642	24.354404169460818	31.60460711302486	0.0025882657443028743
11.0	28.459396795387313	18.49142411031317	19.532899718291315	33.51604422685309	2.3514915510908569E-4
12.0	26.59870707583416	19.693006882906	20.98710600709205	32.72094504249824	2.3499166954531463E-4
13.0	27.860610059953927	21.05455971556524	18.3891580383583	32.69520251181818	4.6967430435364597E-4
14.0	31.39021245717157	18.425792634097885	20.39912922383973	29.78486568489081	0.0
15.0	29.902988772435755	18.72614935173204	19.202633933498813	32.16799310518121	2.3483715217682298E-4
16.0	30.467302449116662	17.73349270948061	19.025097046453137	32.77363812064524	4.6967430435364597E-4
17.0	29.912851932827184	18.600041801013088	20.185192578206642	31.301444013648734	4.6967430435364597E-4
18.0	31.65158620754438	18.249664769965268	18.18085748437746	31.917891538112897	0.0
19.0	30.708715041554434	18.18367553020358	19.61829569285179	31.488844061085842	4.6967430435364597E-4
20.0	30.222367299396236	18.382112923792995	19.39520039828381	31.999849704222605	4.6967430435364597E-4
21.0	30.157082571091077	17.41575804258537	19.398488118414285	33.02820159360492	4.6967430435364597E-4
22.0	28.880038137553516	18.8593020170163	19.677004980895997	32.58342002738201	2.3483715217682298E-4
23.0	30.066435430350825	17.622649573653153	19.912311807377176	32.39648965424926	0.0021135343695914068
24.0	30.902925366404666	17.84010877656889	18.405831476162852	32.850899543711414	2.3483715217682298E-4
25.0	29.42462549345157	18.043008076049663	19.291167539869477	33.24119889062929	0.0
26.0	31.795071707524418	17.705781925523745	19.991921601965117	30.506989927834542	2.3483715217682298E-4
27.0	28.795261925617684	18.352288605466537	19.805695740288897	33.04628405432253	4.6967430435364597E-4
28.0	30.19019460954801	17.881674952504188	20.066834653509524	31.861060947286102	2.3483715217682298E-4
29.0	29.355348533559404	18.60285984683921	19.38698109795762	32.65481052164377	0.0
30.0	30.000211353436963	18.390567061271362	19.16905222073753	32.438525504488915	0.001643860065237761
31.0	30.651846667966115	18.224324305283208	19.423654540288055	31.697826081851293	0.002348404611327295
32.0	29.46923208796267	18.22520002724175	19.428533853744685	32.87632950304943	7.045280014654182E-4
33.0	29.72008839561028	18.01495022462912	19.381982231636893	32.88274430325049	2.348448732189952E-4
34.0	29.726733863770864	18.128892562915087	19.478079528054636	32.664884972710965	0.001409072548448611
35.0	30.353274023526538	17.524591011415495	19.4108026562522	32.71086234203242	4.6996677334912426E-4
36.0	30.928486819839808	17.538214943782197	18.86704207874253	32.66555108487196	7.050727635091942E-4
37.0	29.203159156618007	18.982911407282042	19.336436076440307	32.47631807817972	0.0011752814799144396
38.0	30.96340250660034	18.435337845621444	18.94361677367482	31.6576428741034	0.0
39.0	29.85376155937497	18.70831334255261	19.414105494877656	32.02311404622809	7.055569666694889E-4
40.0	30.12955276868133	18.429546412285266	19.27965553041771	32.16030360030982	9.416883058791955E-4
41.0	29.62529163622652	18.08238870690265	20.555463907807603	31.73614875215045	7.069969127801475E-4
42.0	29.162372197785352	18.43606646304791	19.636552317833935	32.76430146581917	7.075555136263399E-4
43.0	29.548007400275623	18.189905797511845	20.35901719808952	31.902597647769532	4.7195635347643046E-4
44.0	29.70256352135323	18.741780179873864	19.78943093462159	31.76598924723566	2.3611691565195424E-4
45.0	29.512708511005226	18.49260215592288	19.64096300723602	32.35349008620384	2.3623963203314916E-4
46.0	30.13811292929866	17.577020882372405	19.71134303243432	32.57352315589461	0.0
47.0	29.856638959024846	18.43953019943828	19.613085950428854	32.090272064455725	4.728266522927364E-4
48.0	30.332027046522576	17.850089989522903	18.791609807320725	33.02532714325244	9.460133813592792E-4
49.0	29.253006004911818	18.019230860230827	20.16424782446162	32.563515310395736	0.0
50.0	29.7734597178843	18.60533400898394	19.295586880696362	32.32490901212145	7.103803139407401E-4
51.0	30.233109517848337	17.98988088464019	19.327794848450363	32.44874056371154	4.7418534956943976E-4
52.0	29.75809438782779	18.25000712325124	19.70789921074376	32.28376183646915	2.374417080606711E-4
53.0	31.23860245604441	17.78908451122814	19.307409740962207	31.66490329176524	0.0
54.0	30.023066650479546	18.41142430020448	19.202927012737838	32.36210594472097	4.7609185716292104E-4
55.0	29.29407503431447	18.34084756748513	18.17928359005643	34.18579380814396	0.0
56.0	29.231044477045838	18.13194022017867	20.421750694767475	32.21526460800801	0.0
57.0	28.320648229496925	18.825919630237976	19.20551778142786	33.64791435883724	0.0
58.0	30.811841627315655	17.794941403636226	22.01951937599174	29.373458619305254	2.3897375112317664E-4
59.0	29.482452089310456	20.50881403545714	20.777051683005794	29.23168219222661	0.0
60.0	31.55672962367228	18.726732715988714	19.466970944211255	30.249566716127745	0.0
61.0	29.163003636608202	20.91385994494646	19.45201070325373	30.469924721729814	0.0012009934617915941
62.0	31.206787729280993	16.614711564868394	21.457376741138322	30.72064215542204	4.8180929024673456E-4
63.0	26.75253991291727	20.432752781809384	25.224963715529753	27.589259796806964	4.8379293662312534E-4
64.0	26.24119327351757	19.972915448144978	18.005159655667004	35.7800035433195	7.28079350941528E-4
65.0	27.800947059611193	19.44442415610659	18.54556963566203	34.20808530840303	9.738402171663683E-4
66.0	26.748970187980397	19.460637481737024	16.92532091532331	36.86213956579314	0.002931849166133233
67.0	33.51577883877359	13.983810413616713	17.615064505766405	34.882403572400705	0.0029426694425848405
68.0	34.52587626644741	15.295688073167288	22.946999284276114	27.229455133523366	0.001981242585818761
69.0	31.79669449064922	16.859715558341886	20.469839375906894	30.872992198836148	7.583762658563837E-4
70.0	33.24746058113886	15.745486234035022	22.22325100078974	28.78271288908254	0.0010892949538411263
71.0	25.994651306315575	19.82582459027635	25.275320578756087	28.90386065967222	3.428649797709662E-4
