# Position (bp)	A	C	G	T	N
0.0	58.68372943327239	10.16453382084095	14.405850091407679	16.745886654478976	0.0
1.0	14.93791088385683	56.61066471877283	15.303140978816653	13.148283418553689	0.0
2.0	18.761253150882247	51.962549513863884	12.35145840835434	16.924738926899533	0.0
3.0	56.38829407566024	11.812990720913632	15.239114917915774	16.55960028551035	0.0
4.0	58.104738154613464	12.718204488778055	13.003206270039188	16.17385108656929	0.0
5.0	17.27692854603626	50.19552079630289	12.868823320298613	19.658727337362247	0.0
6.0	22.009229676961304	49.094781682641106	11.324103656372026	17.57188498402556	0.0
7.0	57.14792479602696	11.954593827598439	12.593118126995389	18.304363249379215	0.0
8.0	55.42168674698795	13.678242381289865	12.93408929836995	17.965981573352234	0.0
9.0	18.214032600992205	50.42523033309709	11.091424521615876	20.269312544294827	0.0
10.0	16.5014164305949	10.375354107648725	13.91643059490085	59.20679886685553	0.0
11.0	16.525123849964615	11.288039631988676	12.632696390658174	59.554140127388536	0.0
12.0	17.879858657243815	10.706713780918728	13.250883392226148	58.16254416961131	0.0
13.0	18.19787985865724	50.14134275618375	11.731448763250883	19.929328621908127	0.0
14.0	16.89594356261023	10.864197530864198	52.557319223985886	19.682539682539684	0.0
15.0	52.46132208157525	13.255977496483826	11.638537271448664	22.644163150492265	0.0
16.0	15.735862311204777	11.345275728837374	15.13874253600281	57.78011942395504	0.0
17.0	20.336605890603085	48.66760168302945	12.377279102384293	18.61851332398317	0.0
18.0	18.044849334267695	15.276804484933425	12.018220042046252	54.66012613875263	0.0
19.0	16.853538892782062	53.258584442887184	11.948142957252978	17.939733707077785	0.0
20.0	17.109867039888034	13.610916724982506	11.966410076976906	57.312806158152554	0.0
21.0	17.581265291855992	13.736455784690667	13.52673890248165	55.155540020971685	0.0
22.0	17.89951151430565	10.781577110956036	50.2791346824843	21.039776692254012	0.0
23.0	20.544122776421347	10.952214858737356	12.52179979072201	55.98186257411929	0.0
24.0	56.81422098292088	10.94457999302893	11.746253049843151	20.49494597420704	0.0
25.0	18.321142459073496	11.912225705329153	49.285963079066526	20.480668756530825	0.0
26.0	60.34063260340633	9.906152241918665	9.83663538408064	19.91657977059437	0.0
27.0	17.36714136853074	15.144147273358804	9.135116359847169	58.35359499826328	0.0
28.0	16.730301978479694	48.976049982644916	9.753557792433183	24.540090246442208	0.0
29.0	21.832696980215204	10.100659493231518	11.454356126345019	56.61228740020826	0.0
30.0	18.279944289693592	11.838440111420613	47.07520891364902	22.80640668523677	0.0
31.0	19.881201956673657	10.621942697414395	10.517120894479385	58.97973445143256	0.0
32.0	18.42751842751843	10.705510705510706	12.214812214812214	58.65215865215865	0.0
33.0	17.50877192982456	51.50877192982456	10.631578947368421	20.350877192982455	0.0
34.0	20.0	10.793650793650794	11.781305114638448	57.42504409171075	0.0
35.0	19.079646017699115	49.309734513274336	11.752212389380531	19.858407079646017	0.0
36.0	17.049876193845066	13.052706048814999	12.13300318358684	57.7644145737531	0.0
37.0	55.53982300884955	14.33628318584071	11.292035398230087	18.831858407079647	0.0
38.0	55.58312655086849	12.123360510457285	11.556185749734137	20.737327188940093	0.0
39.0	57.8069552874379	12.881476224272534	8.729595457771469	20.581973030518096	0.0
40.0	18.810117563234773	50.62344139650873	11.75632347702173	18.810117563234773	0.0
41.0	17.497310864109	9.573323771961277	52.7787737540337	20.150591609896022	0.0
42.0	56.42804967129291	11.796932067202338	14.64572680788897	17.129291453615778	0.0
43.0	56.05612998522895	13.035450516986707	11.558345642540619	19.35007385524372	0.0
44.0	20.074349442379184	48.99628252788104	10.037174721189592	20.892193308550187	0.0
45.0	28.38114754098361	15.163934426229508	15.727459016393441	40.72745901639344	0.0
46.0	29.82456140350877	17.953216374269008	19.473684210526315	32.748538011695906	0.0
47.0	29.110194460813197	16.499705362404242	20.27106658809664	34.119033588685916	0.0
48.0	28.021327014218013	16.765402843601894	22.630331753554504	32.58293838862559	0.0
49.0	25.32777115613826	19.606674612634087	18.474374255065555	36.591179976162095	0.0
50.0	28.955406230910203	20.464263897373243	18.57055589492975	32.0097739767868	0.0
51.0	29.627367135003052	18.69273060476481	17.532070861331704	34.14783139890043	0.0
52.0	27.550397067806966	18.998167379352473	20.525351252290776	32.92608430054978	0.0
53.0	30.586080586080588	17.94871794871795	21.733821733821735	29.731379731379732	0.0
54.0	31.643249847281613	19.303604153940135	19.18142944410507	29.871716554673185	0.0
55.0	30.84455324357405	19.216646266829866	18.9718482252142	30.966952264381888	0.0
56.0	27.691350342252647	17.29931549471064	20.224019912881143	34.78531425015557	0.0
57.0	29.657320872274145	18.81619937694704	21.059190031152646	30.467289719626166	0.0
58.0	29.643527204502814	19.51219512195122	18.2614133833646	32.58286429018136	0.0
59.0	26.26641651031895	19.136960600375236	22.88930581613508	31.70731707317073	0.0
60.0	29.404388714733543	17.24137931034483	21.818181818181817	31.536050156739815	0.0
61.0	28.50877192982456	16.854636591478698	21.052631578947366	33.583959899749374	0.0
62.0	27.523510971786834	20.0	23.197492163009404	29.27899686520376	0.0
63.0	32.66078184110971	18.095838587641865	19.35687263556116	29.88650693568726	0.0
64.0	31.459254579911562	18.19330385344283	21.162349968414404	29.185091598231207	0.0
65.0	27.605811749842076	20.90966519267214	21.60454832596336	29.879974731522424	0.0
66.0	28.761061946902654	15.61314791403287	23.95701643489254	31.668773704171933	0.0
67.0	30.404551201011376	16.624525916561314	18.83691529709229	34.13400758533502	0.0
68.0	26.21912602913236	19.189360354654845	19.696010132995568	34.895503483217226	0.0
69.0	28.253968253968253	20.0	21.96825396825397	29.777777777777775	0.0
70.0	26.11181702668361	22.04574332909784	19.567979669631512	32.27445997458704	0.0
71.0	28.9171974522293	19.80891719745223	20.382165605095544	30.89171974522293	0.0
72.0	28.262253341820497	18.26861871419478	20.050922978994272	33.41820496499045	0.0
73.0	27.625716104392104	18.014003819223426	21.96053469127944	32.39974538510503	0.0
74.0	31.346153846153847	16.153846153846153	23.141025641025642	29.35897435897436	0.0
75.0	28.78205128205128	20.44871794871795	21.602564102564102	29.166666666666668	0.0
76.0	28.580603725112397	19.910083493898522	18.754014129736674	32.75529865125241	0.0
77.0	29.32475884244373	20.707395498392284	18.392282958199356	31.575562700964632	0.0
78.0	27.863577863577866	22.136422136422137	18.275418275418275	31.724581724581725	0.0
79.0	29.75420439844761	20.310478654592497	18.499353169469597	31.4359637774903	0.0
80.0	31.3915857605178	16.56957928802589	20.64724919093851	31.3915857605178	0.0
81.0	29.19093851132686	18.058252427184467	18.058252427184467	34.692556634304204	0.0
82.0	31.456310679611647	18.31715210355987	21.81229773462783	28.41423948220065	0.0
83.0	28.09061488673139	18.899676375404532	23.106796116504853	29.902912621359224	0.0
84.0	27.367055771725035	18.2230869001297	21.20622568093385	33.20363164721141	0.0
85.0	32.74967574578469	18.15823605706874	20.622568093385212	28.469520103761347	0.0
86.0	30.804150453955902	17.444876783398183	22.30869001297017	29.442282749675748	0.0
87.0	32.94422827496757	18.417639429312583	21.011673151750973	27.626459143968873	0.0
88.0	32.27272727272727	17.98701298701299	17.727272727272727	32.01298701298702	0.0
89.0	30.039011703511054	16.905071521456435	18.270481144343304	34.78543563068921	0.0
90.0	32.270657124268055	17.046193884189982	18.217306441119064	32.4658425504229	0.0
91.0	29.921773142112123	20.925684485006517	17.796610169491526	31.35593220338983	0.0
92.0	30.37230568256042	18.68060091443501	18.158066623122142	32.78902677988243	0.0
93.0	31.40983606557377	18.16393442622951	17.9672131147541	32.459016393442624	0.0
94.0	31.077529566360052	17.54270696452037	18.922470433639948	32.45729303547964	0.0
95.0	31.734559789750328	16.4257555847569	20.039421813403415	31.800262812089358	0.0
96.0	29.7634691195795	17.41130091984231	20.2365308804205	32.58869908015768	0.0
97.0	30.55190538764783	16.557161629434955	18.856767411300922	34.03416557161629	0.0
98.0	30.486202365308806	19.842312746386334	18.265440210249672	31.40604467805519	0.0
99.0	31.99737187910644	19.776609724047304	18.134034165571617	30.091984231274637	0.0
100.0	31.644736842105264	15.06578947368421	20.263157894736842	33.026315789473685	0.0
101.0	31.38157894736842	17.82894736842105	19.539473684210527	31.25	0.0
102.0	31.37771918259723	16.216216216216218	21.555702043506923	30.850362557679627	0.0
103.0	27.212681638044916	17.701453104359313	19.74900924702774	35.33685601056803	0.0
104.0	26.075446724023827	17.736598279285243	22.17074784910655	34.01720714758439	0.0
105.0	28.29688535453943	18.687872763419485	20.212060967528164	32.80318091451292	0.0
106.0	31.25	17.154255319148938	19.680851063829788	31.914893617021278	0.0
107.0	33.266799733865604	17.032601463739187	19.8270126413839	29.87358616101131	0.0
108.0	34.55637091394263	17.878585723815878	16.144096064042696	31.420947298198797	0.0
109.0	29.592518370073478	19.839679358717436	19.305277221108884	31.262525050100198	0.0
110.0	26.858673811118557	19.356999330207636	19.624916275954455	34.15941058271936	0.0
111.0	29.376257545271628	18.30985915492958	20.4560697518444	31.857813547954393	0.0
112.0	27.553763440860212	18.077956989247312	22.647849462365592	31.72043010752688	0.0
113.0	29.05178211163416	20.174848688634835	18.224613315400134	32.548755884330866	0.0
114.0	30.83670715249663	16.32928475033738	18.89338731443995	33.94062078272604	0.0
115.0	28.696826468602293	19.041188386225524	18.23092505064146	34.03106009453072	0.0
116.0	29.546991210277213	18.796484110885732	18.593644354293442	33.062880324543606	0.0
117.0	30.73798239675017	19.29587000677048	17.535545023696685	32.43060257278267	0.0
118.0	27.698574338085542	16.632722335369994	20.298710115410724	35.369993211133746	0.0
119.0	23.097826086956523	21.059782608695652	27.241847826086957	28.60054347826087	0.0
120.0	27.452316076294274	21.389645776566756	20.91280653950954	30.24523160762943	0.0
121.0	29.263301500682125	18.281036834924965	19.71350613915416	32.74215552523875	0.0
122.0	31.079234972677593	17.349726775956285	21.10655737704918	30.46448087431694	0.0
123.0	32.39917976760082	16.883116883116884	17.97676008202324	32.74094326725906	0.0
124.0	29.198080877313227	16.792323509252913	21.110349554489378	32.899246058944485	0.0
125.0	28.463648834019207	19.06721536351166	18.655692729766805	33.813443072702334	0.0
126.0	32.002752924982794	17.687543014452856	17.412250516173433	32.89745354439091	0.0
127.0	28.245856353591158	18.853591160220994	22.65193370165746	30.248618784530386	0.0
128.0	31.06796116504854	16.019417475728158	20.457697642163662	32.45492371705964	0.0
129.0	30.208333333333332	18.88888888888889	18.26388888888889	32.63888888888889	0.0
130.0	31.315240083507305	20.32011134307585	16.075156576200417	32.28949199721642	0.0
131.0	31.6817864619679	19.469644103279833	17.864619678995115	30.983949755757152	0.0
132.0	29.531140657802656	17.49475157452764	22.113365990202936	30.86074177746676	0.0
133.0	28.019662921348313	20.71629213483146	20.997191011235955	30.26685393258427	0.0
134.0	25.281690140845072	19.718309859154928	21.267605633802816	33.732394366197184	0.0
135.0	27.522935779816514	17.07833450952717	20.606916019760057	34.79181369089626	0.0
136.0	24.381625441696116	19.2226148409894	22.04946996466431	34.34628975265018	0.0
137.0	29.207920792079207	16.195190947666198	19.801980198019802	34.794908062234796	0.0
138.0	29.3408929836995	17.78880226789511	19.773210489014883	33.0970942593905	0.0
139.0	27.659574468085108	19.078014184397162	20.49645390070922	32.76595744680851	0.0
140.0	28.449502133712663	16.856330014224753	21.47937411095306	33.21479374110953	0.0
141.0	32.64285714285714	17.0	18.714285714285715	31.642857142857146	0.0
142.0	31.73695496783417	16.940671908506076	18.513223731236597	32.80914939242316	0.0
143.0	32.974137931034484	19.396551724137932	18.318965517241377	29.310344827586203	0.0
144.0	32.877697841726615	17.553956834532375	17.12230215827338	32.44604316546763	0.0
145.0	28.21997105643994	18.523878437047756	19.175108538350216	34.08104196816208	0.0
146.0	27.641099855282196	20.622286541244573	18.523878437047756	33.212735166425475	0.0
147.0	30.26124818577649	19.085631349782293	18.359941944847606	32.29317851959361	0.0
148.0	26.53061224489796	21.64723032069971	19.67930029154519	32.142857142857146	0.0
149.0	30.84795321637427	19.883040935672515	16.08187134502924	33.187134502923975	0.0
150.0	28.487518355359764	20.92511013215859	19.897209985315712	30.690161527165934	0.0
151.0	30.537159676232523	18.690213392200146	19.131714495952906	31.64091243561442	0.0
152.0	27.002967359050444	20.548961424332344	18.84272997032641	33.6053412462908	0.0
153.0	30.86053412462908	17.804154302670625	19.21364985163205	32.12166172106825	0.0
154.0	33.358153387937456	16.455696202531644	18.9873417721519	31.198808637379	0.0
155.0	30.41198501872659	21.123595505617978	18.127340823970037	30.337078651685395	0.0
156.0	31.278195488721806	17.142857142857142	17.74436090225564	33.83458646616541	0.0
157.0	31.924528301886788	18.11320754716981	19.77358490566038	30.18867924528302	0.0
158.0	28.224582701062218	21.623672230652506	18.209408194233685	31.94233687405159	0.0
159.0	31.935975609756095	15.625	20.35060975609756	32.08841463414634	0.0
160.0	26.702371843917366	17.13848508033665	23.029839326702373	33.12930374904361	0.0
161.0	27.37730061349693	18.711656441717793	22.54601226993865	31.36503067484663	0.0
162.0	31.485758275596616	18.013856812933028	20.246343341031565	30.2540415704388	0.0
163.0	30.959752321981426	17.027863777089784	17.80185758513932	34.21052631578947	0.0
164.0	30.458430458430456	14.996114996114995	21.833721833721835	32.71173271173271	0.0
165.0	31.0641627543036	17.683881064162755	21.987480438184665	29.26447574334898	0.0
166.0	28.3921568627451	18.980392156862745	20.47058823529412	32.15686274509804	0.0
167.0	27.466456195737965	18.23204419889503	23.125493291239145	31.176006314127864	0.0
168.0	27.17219589257504	19.273301737756714	20.379146919431278	33.175355450236964	0.0
169.0	25.949367088607595	17.563291139240505	20.015822784810126	36.471518987341774	0.0
170.0	29.17329093799682	16.613672496025437	18.441971383147855	35.77106518282989	0.0
171.0	32.42811501597444	16.054313099041533	16.533546325878596	34.98402555910543	0.0
172.0	29.62369895916733	20.656525220176142	16.813450760608486	32.90632506004803	0.0
173.0	31.08433734939759	19.3574297188755	19.759036144578314	29.799196787148595	0.0
174.0	31.52789005658852	19.320937752627323	18.512530315278898	30.638641875505257	0.0
175.0	28.791565287915656	19.78913219789132	21.005677210056774	30.413625304136254	0.0
176.0	30.0978792822186	18.841761827079935	19.575856443719413	31.484502446982056	0.0
177.0	27.13114754098361	21.393442622950822	18.114754098360656	33.36065573770492	0.0
178.0	26.897689768976896	20.792079207920793	20.70957095709571	31.600660066006604	0.0
179.0	25.560165975103732	18.423236514522824	23.817427385892113	32.19917012448133	0.0
180.0	28.870292887029287	15.81589958158996	20.83682008368201	34.47698744769874	0.0
181.0	26.075949367088608	20.42194092827004	20.337552742616033	33.164556962025316	0.0
182.0	31.717687074829932	18.367346938775512	20.493197278911566	29.421768707482993	0.0
183.0	30.300429184549355	21.545064377682404	20.772532188841204	27.381974248927037	0.0
184.0	29.594477998274378	21.570319240724764	18.981880931837793	29.85332182916307	0.0
185.0	29.264069264069263	20.51948051948052	22.683982683982684	27.532467532467532	0.0
186.0	30.548302872062667	17.31940818102698	22.106179286335944	30.026109660574413	0.0
187.0	31.758530183727036	21.522309711286088	17.410323709536307	29.308836395450566	0.0
188.0	29.991204925241867	20.22867194371152	20.668425681618295	29.11169744942832	0.0
189.0	28.520814880425156	19.66341895482728	19.840566873339238	31.975199291408323	0.0
190.0	31.818181818181817	16.488413547237077	20.499108734402853	31.194295900178254	0.0
191.0	27.956989247311824	18.45878136200717	21.415770609318997	32.168458781362006	0.0
192.0	31.097008159564822	20.30825022665458	20.12692656391659	28.467815049864008	0.0
193.0	28.401826484018265	17.716894977168952	21.36986301369863	32.51141552511416	0.0
194.0	27.474560592044405	20.721554116558742	22.201665124884364	29.602220166512488	0.0
195.0	28.424976700838773	20.31686859273066	18.63932898415657	32.618825722273996	0.0
196.0	27.845719661335842	19.567262464722486	20.319849482596425	32.267168391345244	0.0
197.0	29.282296650717704	20.191387559808614	20.191387559808614	30.33492822966507	0.0
198.0	27.42409402546523	22.624877571008813	20.959843290891282	28.99118511263467	0.0
199.0	27.074688796680498	23.236514522821576	20.12448132780083	29.564315352697097	0.0
200.0	27.764127764127768	17.1990171990172	21.13022113022113	33.90663390663391	0.0
201.0	32.12435233160622	18.48013816925734	17.098445595854923	32.29706390328152	0.0
202.0	37.26169844020797	16.464471403812826	18.370883882149048	27.902946273830153	0.0
203.0	35.25305410122164	18.848167539267017	19.022687609075042	26.876090750436298	0.0
204.0	35.90192644483363	17.338003502626968	22.241681260945708	24.518388791593697	0.0
205.0	37.91887125220458	15.873015873015872	23.456790123456788	22.75132275132275	0.0
206.0	31.08348134991119	19.182948490230906	21.847246891651864	27.886323268206038	0.0
207.0	28.749999999999996	21.785714285714285	16.428571428571427	33.035714285714285	0.0
208.0	28.44364937388193	17.531305903398927	20.39355992844365	33.631484794275494	0.0
209.0	22.043010752688172	21.50537634408602	21.14695340501792	35.30465949820788	0.0
210.0	26.032315978456015	17.41472172351885	20.646319569120287	35.90664272890485	0.0
211.0	30.198915009041592	17.72151898734177	20.795660036166367	31.28390596745027	0.0
212.0	28.284671532846716	16.05839416058394	23.905109489051096	31.751824817518248	0.0
213.0	28.754578754578752	21.794871794871796	18.681318681318682	30.76923076923077	0.0
214.0	30.627306273062732	24.723247232472325	17.343173431734318	27.30627306273063	0.0
215.0	31.04089219330855	21.189591078066915	18.21561338289963	29.55390334572491	0.0
216.0	30.58161350844278	18.94934333958724	18.01125703564728	32.4577861163227	0.0
217.0	26.89393939393939	17.424242424242426	23.863636363636363	31.818181818181817	0.0
218.0	25.387596899224807	18.217054263565892	20.348837209302324	36.04651162790697	0.0
219.0	19.40928270042194	22.362869198312236	27.004219409282697	31.223628691983123	0.0
220.0	0.0	31.775700934579437	26.791277258566975	41.43302180685358	0.0
