# Position (bp)	A	C	G	T	N
0.0	26.58004158004158	24.56405925155925	24.007926195426197	24.847972972972972	0.0
1.0	26.99674831435978	20.551558287919633	15.522758567189651	36.928934830530935	0.0
2.0	27.718672316748027	20.552170945014748	17.71596749056531	34.012545241437934	6.440062339803449E-4
3.0	24.278079669466027	21.80613207244545	14.977962263182546	38.935259737343536	0.0025662575624402543
4.0	34.11239713740336	14.960961689468274	14.179557076372088	36.74389208444788	0.0031920123083994615
5.0	35.50931973872869	14.656045881790664	22.036004460729647	27.796080930380757	0.0025489883702405607
6.0	31.650326174035783	17.774895408130824	20.658324749806077	29.915817851193427	6.35816833886494E-4
7.0	34.45594047158381	17.693591052975467	20.494928285513105	27.354271468354913	0.0012687215727072614
8.0	24.219041771374677	26.338310788142728	21.763652130979434	27.67899530950316	0.0
9.0	28.30154083497196	18.753675052636236	16.388996023039816	36.55325902087114	0.0025290684808517904
10.0	27.222271332415676	17.080455125209944	24.33101392905401	31.3643653630015	0.0018942503188654704
11.0	28.084153419126924	19.106737320211963	19.72432500630835	33.08478425435276	0.0
12.0	26.463134802561903	20.07917696303394	21.14264461142771	32.31441323314338	6.303898330727722E-4
13.0	27.1734134255149	21.327691619914745	18.906666162942255	32.591599136112634	6.296555154674877E-4
14.0	30.530106978472077	19.146564914335368	20.43609941001278	29.887228697179776	0.0
15.0	29.621514069652495	18.795846792219976	19.17804769010874	32.404591448018785	0.0
16.0	29.94263838254091	18.107003658298545	19.393389876398622	32.55696808276192	0.0
17.0	29.95334252630386	18.70958398660093	20.38383800222898	30.951976173835295	0.0012593110309349754
18.0	31.870643570902356	18.504945944074	18.147931266803933	31.476479218219712	0.0
19.0	30.593072530018826	18.946964115932175	19.56717479866765	30.89152924435042	0.0012593110309349754
20.0	30.15609160228439	18.02892637438058	20.3737635139815	31.44121850935353	0.0
21.0	29.615217514497814	17.678208252265186	19.43368782938854	33.27288640384845	0.0
22.0	28.66380803062644	19.001114490262378	19.845482536504278	32.4895949426069	0.0
23.0	29.751223105838797	17.868993873451835	19.88263221191686	32.497150808792505	0.0
24.0	30.75489399749397	18.059149839123016	18.963964814849795	32.221991348533216	0.0
25.0	29.18138486434072	18.54902183015672	19.59110170825541	32.678491597247145	0.0
26.0	30.899714766051495	17.659948242316627	20.92723071207742	30.512476624038985	6.296555154674877E-4
27.0	28.435243078511746	18.95011239350951	19.95567225171109	32.658972276267654	0.0
28.0	30.099422605892318	17.926922180874843	20.21634963511463	31.756046267087278	0.0012593110309349754
29.0	29.267018014444297	18.72469571897215	19.03574554361309	32.972540722970464	0.0
30.0	29.76179231917185	18.636618370264024	19.041502162948408	32.559457468311386	6.296793043303045E-4
31.0	30.512124627697425	18.52980624523799	19.2155356434459	31.741903796384335	6.29687234350698E-4
32.0	29.40631966046623	18.80722390841656	19.115776481996903	32.67067994912031	0.0
33.0	29.739856546408305	17.801973588921705	19.383867453415366	33.07430241125462	0.0
34.0	29.29758598320958	18.97456244764802	19.329768675093366	32.39682329749781	0.0012595965512246427
35.0	30.453949194016296	17.482530713150528	19.21810751494665	32.84541257788653	0.0
36.0	30.967326776397552	18.065220271404147	18.538379524191058	32.42781166999981	0.0012617580074317546
37.0	29.061636141019655	19.297426252477184	19.703242745162388	31.937063731492117	6.311298486550623E-4
38.0	31.24952640751686	18.314137051350055	18.95253971862292	31.48379682251017	0.0
39.0	30.433024090598852	18.791551859248212	19.17199625875275	31.601531889077073	0.0018959023231123133
40.0	29.616539353171433	19.535337412432384	19.13312811157983	31.714361722342566	6.334004737835544E-4
41.0	29.72972972972973	18.063327722552163	20.17404008003303	32.03226728491123	6.351827738431734E-4
42.0	28.470794860862757	19.121586794529964	19.72229823031938	32.684683767427956	6.363468599464196E-4
43.0	29.25720769245479	18.77091553470465	20.53339792581638	31.43784142120461	6.374258195702476E-4
44.0	29.338378875090935	19.046494709838807	20.078363304532054	31.536124972879147	6.381376590558115E-4
45.0	29.246784119011558	19.020506233664985	20.29599524567222	31.435436356549022	0.0012780451022116571
46.0	30.383301562120185	17.45582948453872	19.617977815590496	32.542891137750594	0.0
47.0	30.082071111224923	19.28991203923025	19.560068115181235	31.06730855408883	6.401802747653739E-4
48.0	30.102710980399692	18.354061344661655	19.045422217096284	32.49652397337075	0.0012814844716119152
49.0	28.4492877255322	18.787882675150247	20.242577400919767	32.520252198397785	0.0
50.0	29.528937780719282	18.650362726262152	19.269792516722678	32.550906976295884	0.0
51.0	30.609522704865743	18.080122690689297	19.22003776089492	32.089028075805324	0.0012887677447208851
52.0	28.992851325671886	19.223858215804647	20.246390113370477	31.53690034515299	0.0
53.0	30.914855131189096	18.7736234383408	18.931815382221558	31.37970604824854	0.0
54.0	29.917262984122033	18.878728202728436	19.11205568662624	32.09130318924224	6.499372810523784E-4
55.0	29.26301801743118	18.54114826925833	18.509881577404606	33.685952135905886	0.0
56.0	29.264757726507106	18.273336205883506	21.151762048389415	31.30949116690822	6.528523117500359E-4
57.0	27.98626553302812	19.621321124918246	19.29627207325049	33.096141268803144	0.0
58.0	30.491592728988376	18.026158866623852	22.083011152903556	29.398581969254156	6.552822300564853E-4
59.0	28.66562896117799	21.182327481462508	20.89203265488411	29.260010902475386	0.0
60.0	30.966041961727214	18.734560785217877	20.012516056783372	30.28688119627153	0.0
61.0	28.53543869393585	21.313469943729213	19.797266469619725	30.35250243002519	0.0013224626900213577
62.0	31.246386442930717	16.74497424821399	21.32779531483635	30.680179431799303	6.645622196378136E-4
63.0	25.82523492088989	21.122132091130567	24.87082697507563	28.181136722619332	6.69290284582229E-4
64.0	26.274393610860457	21.24415832783397	17.997737404210042	34.48236387388722	0.0013467832083069588
65.0	27.841971228089186	19.710926282138118	18.685486711278482	33.76093847362575	6.773048684673946E-4
66.0	27.224289004265295	19.501791968167016	17.63964405925078	35.63018682801194	0.004088140304975267
67.0	33.10054621589577	14.787578899755333	17.733169765545224	34.37733443901503	0.0013706797886411765
68.0	34.656365617819986	15.57790688795874	23.06282667999417	26.70220667346925	6.941407578628794E-4
69.0	31.45472130168257	17.595186960417585	20.171670767611545	30.778420970288302	0.0
70.0	32.68369846498806	16.7922166678185	22.240395616884364	28.283689250309074	0.0
71.0	26.209833902514745	20.106333436820865	24.699239366656318	28.98459329400807	0.0
