# Position (bp)	A	C	G	T	N
0.0	28.165095590539792	23.15292075508088	23.183779743966827	25.4982039104125	0.0
1.0	29.955845651756576	18.79727394893454	19.347763486273756	31.89911691303513	0.0
2.0	30.116755291219967	21.05175228403135	20.118569151018146	28.71292327373054	0.0
3.0	31.517371106107678	20.727999923998443	20.22448960203684	27.530139367857043	0.0
4.0	32.13486865438725	19.892653630624455	19.907313266970895	28.065164448017406	0.0
5.0	31.456891274662148	20.416254649903472	20.243913923812215	27.882940151622172	0.0
6.0	28.701256092988377	20.097487814023246	18.123359580052494	33.07789651293589	0.0
7.0	28.300299177262527	22.23915482423336	19.24831712789828	30.212228870605834	0.0
8.0	28.309659820732115	21.252913453499183	20.056704329426932	30.380722396341774	0.0
9.0	32.381241109115926	19.83769035237051	19.461299876402137	28.31976866211142	0.0
10.0	29.840159467943405	22.760509328688393	20.857512784448147	26.541818418920055	0.0
11.0	28.296337661128952	22.202987575038392	20.085625203592535	29.415049560240124	0.0
12.0	29.311932579252865	20.774110730763507	19.909026640869175	30.004930049114453	0.0
13.0	30.139814293884342	20.573206057534488	20.34909402011429	28.93788562846688	0.0
14.0	29.92581298923452	20.429782645073722	20.438614432069613	29.20578993362215	0.0
15.0	30.183366016412794	20.37054247716057	20.6186860472681	28.827405459158545	0.0
16.0	30.2613422538156	20.647199572560222	20.5496317978024	28.541826375821778	0.0
17.0	29.64518316873078	20.561073276783144	20.983806081777892	28.809937472708185	0.0
18.0	29.93776126335346	20.189967487227126	20.903390617742684	28.96888063167673	0.0
19.0	29.37382161996489	20.021083134421236	20.79614373682304	29.80895150879083	0.0
20.0	29.853185621291335	20.091561655538737	20.164922414033263	29.890330309136665	0.0
21.0	29.787747674137897	20.22989359529071	19.91374347737275	30.068615253198637	0.0
22.0	29.76051767917075	20.62546710425535	20.170083974320292	29.443931242253612	0.0
23.0	30.214338095370707	20.018658275084242	20.12633787258533	29.640665756959724	0.0
24.0	30.346568654749305	20.20428430881179	19.548551168532235	29.900595867906667	0.0
25.0	30.293061368423984	20.607559461390696	19.46426748577845	29.635111684406873	0.0
26.0	30.063330781543602	20.26631405572181	20.058923144732873	29.611432018001715	0.0
27.0	29.70902882804309	20.509013982575134	19.78436957792479	29.99758761145699	0.0
28.0	30.107472018776292	20.34083055415115	19.402943536604035	30.148753890468527	0.0
29.0	30.037987541570615	20.5053873662435	20.260485999341363	29.19613909284452	0.0
30.0	31.214044464239322	20.039991834613815	19.924470177782727	28.82149352336414	0.0
31.0	30.073691146853278	20.486417255236805	20.14580452355982	29.2940870743501	0.0
32.0	29.86534971477904	20.495063751177785	19.936689765928513	29.702896768114663	0.0
33.0	30.380581388330448	20.479986628346975	20.48277238939368	28.656659593928897	0.0
34.0	29.850628456277366	21.474771206626766	19.72846602807275	28.94613430902312	0.0
35.0	30.111011771718076	20.337878110564745	20.131127998807926	29.419982118909253	0.0
36.0	29.807225541448844	20.225448095593727	20.63293502613891	29.33439133681852	0.0
37.0	29.576759914500734	20.226095985556796	20.60915889861227	29.5879852013302	0.0
38.0	30.114650636505473	20.234174042196308	20.54387600676565	29.107299314532565	0.0
39.0	30.54447312837362	20.40131424548228	19.569115231166393	29.485097394977704	0.0
40.0	30.70290093563402	20.177253279420754	19.904085758615825	29.215760026329402	0.0
41.0	30.22111749779918	20.420297428220373	20.458900014593663	28.899685059386783	0.0
42.0	30.216993759779804	21.4957675847897	19.57751258412986	28.709726071300643	0.0
43.0	30.73579179390844	20.450565685076015	19.420202296723886	29.393440224291655	0.0
44.0	30.98466409886812	20.1862047779957	20.020794442212715	28.808336680923464	0.0
45.0	30.809316679051673	20.737231217785183	19.394917572665268	29.058534530497877	0.0
46.0	30.43202153472854	20.770776463451625	19.610630876554445	29.18657112526539	0.0
47.0	29.468578398568575	21.308122012918904	19.760891129051394	29.462408459461127	0.0
48.0	29.86066228186899	21.347374824164543	19.660780139147626	29.13118275481884	0.0
49.0	30.302698638546133	20.923847094597487	19.52908257710226	29.244371689754118	0.0
50.0	30.281267275396022	20.936350292609465	19.281248212890066	29.50113421910444	0.0
51.0	30.484121113788742	20.31399871155544	19.837751425640047	29.364128749015773	0.0
52.0	29.797687723138537	20.459205375876426	20.27376440393632	29.469342497048718	0.0
53.0	29.90460508996223	20.502965235663243	20.83897741251478	28.753452261859746	0.0
54.0	29.861114440358794	20.14008408880622	20.626207518133747	29.372593952701244	0.0
55.0	29.871358395797422	20.550484266733253	20.21051317387985	29.36764416358948	0.0
56.0	29.888617432622205	20.335013369755497	20.208529711636498	29.567839485985804	0.0
57.0	29.289980732177263	21.04287090558767	20.460019267822734	29.20712909441233	0.0
58.0	29.11664118160638	20.7056065524743	20.519895229872027	29.657857036047293	0.0
59.0	29.671454930108098	20.61303940415584	19.905909174338515	29.80959649139755	0.0
60.0	29.788900979325355	20.529561117156327	19.948736549389434	29.732801354128885	0.0
61.0	29.46417762281785	20.086196460134136	20.40434856298879	30.045277354059223	0.0
62.0	29.558315109609033	20.465686868735848	20.39489315482973	29.581104866825385	0.0
63.0	29.251472723652448	19.934340564612867	21.05667011475832	29.757516596976362	0.0
64.0	29.901073888175556	20.043967160810862	20.535193183144624	29.519765767868954	0.0
65.0	29.917781263090216	20.6949626411308	19.65943518455379	29.727820911225194	0.0
66.0	29.84581766390104	20.251003575313266	20.5104942516962	29.392684509089488	0.0
67.0	29.95276221367893	20.293685182380845	20.4617286001104	29.291824003829824	0.0
68.0	29.63676833891838	20.550351001638823	20.29939094489152	29.513489714551284	0.0
69.0	30.290651541422985	19.93221069542814	20.372057483762894	29.405080279385977	0.0
70.0	29.687944514749304	20.268891570283607	20.809912004473354	29.233251910493735	0.0
71.0	30.198345646023263	20.101776171015402	20.69072225715184	29.009155925809495	0.0
72.0	30.4234470002558	20.20768973455855	20.782255366875898	28.58660789830975	0.0
73.0	30.820844787325235	19.87821820224055	20.56644300592159	28.73449400451263	0.0
74.0	30.546901614981657	20.48572881540034	20.458080092425732	28.509289477192272	0.0
75.0	31.258652743166802	19.464716585578103	20.730983742731695	28.5456469285234	0.0
76.0	31.171107820755978	20.193426662771063	20.75696875758281	27.878496758890147	0.0
77.0	31.59051010186168	19.561508782718228	20.105531475952905	28.742449639467182	0.0
78.0	32.094374767167515	19.252949211473986	20.444554824289085	28.208121197069413	0.0
79.0	31.749949000661747	19.871829955767403	20.186284412114457	28.191936631456393	0.0
80.0	31.517887844040125	19.534851271011178	20.249468024139496	28.6977928608092	0.0
81.0	31.317502146094107	19.329320636441675	20.072967199696553	29.28021001776766	0.0
82.0	31.591522543237026	19.309707087873637	19.86853943816855	29.230230930720786	0.0
83.0	31.147089597444793	19.3477814657395	19.99759698421519	29.507531952600512	0.0
84.0	30.485646232919645	19.26137645731478	20.42572395637458	29.827253353390997	0.0
85.0	30.886363293942757	19.581452111070377	19.94254634210037	29.589638252886495	0.0
86.0	30.091896323644065	19.79266740773901	20.4063155459205	29.70912072269643	0.0
87.0	30.369306731156794	19.860439338976217	20.098246674727932	29.672007255139054	0.0
88.0	30.409879085165226	19.88786612567876	20.36173519853045	29.34051959062557	0.0
89.0	30.8128955296306	19.773954184273844	20.3602984290018	29.052851857093753	0.0
90.0	30.753925058097444	20.77382248257077	19.47112341972427	29.00112903960752	0.0
91.0	30.44951285445481	20.307959161937223	19.271285039737485	29.971242943870486	0.0
92.0	31.17399236683895	20.113531836176712	19.202837787704613	29.509638009279726	0.0
93.0	30.777884679016303	19.60670525292324	20.250148898153665	29.36526116990679	0.0
94.0	30.271144253231185	19.501882096114414	19.688561548113313	30.538412102541084	0.0
95.0	30.905476602942457	19.50103992600428	19.515348490190966	30.0781349808623	0.0
96.0	30.331125149743514	20.03081900744366	19.815290732796136	29.82276511001669	0.0
97.0	31.42143615357397	19.852107873050713	19.042906152086847	29.68354982128847	0.0
98.0	31.437745639497543	19.808369082175243	19.098872305992963	29.655012972334248	0.0
99.0	30.5685398348537	20.378168564545025	19.75526635504396	29.29802524555732	0.0
100.0	30.693253147516803	19.820716617754005	19.90478793911792	29.581242295611272	0.0
101.0	30.42939079212525	19.585077249005323	20.323464062419262	29.66206789645016	0.0
102.0	30.494585136562236	19.402915536413147	20.289690017186757	29.812809309837863	0.0
103.0	30.23417442493711	19.550322865070928	20.178937268224374	30.03656544176759	0.0
104.0	30.673395773344836	19.901974032994104	19.767357249035854	29.657272944625202	0.0
105.0	29.763157072479768	19.62390509618489	20.295689125430933	30.317248705904408	0.0
106.0	30.233128450228016	18.57253174992434	20.115938096778567	31.078401703069076	0.0
107.0	29.612279894600356	19.188380944414238	20.303546781546697	30.895792379438703	0.0
108.0	29.751819310626658	19.219464659006963	20.42238393872237	30.606332091644006	0.0
109.0	30.629292059558562	18.54222231555957	20.36405065417813	30.464434970703742	0.0
110.0	29.91896442854136	18.61765944011787	21.32972005893496	30.133656072405806	0.0
111.0	30.135100930203123	19.036997194625492	20.933261616992553	29.89464025817883	0.0
112.0	29.960528193015552	19.150431442174067	20.730888934683936	30.158151430126445	0.0
113.0	29.93805262879229	18.501085402657914	21.494149414941493	30.066712553608305	0.0
114.0	29.517449169579724	18.70156323765774	21.333128225802174	30.447859366960362	0.0
115.0	30.265801924405935	18.90276965605231	21.192919036733826	29.638509382807932	0.0
116.0	29.87266915290357	19.175279701651572	21.51891315929675	29.43313798614811	0.0
117.0	30.10152040287739	18.956705633554602	20.769226661255093	30.172547302312914	0.0
118.0	31.30229047677674	18.396612727963728	21.112639642002602	29.18845715325693	0.0
119.0	30.187292441239745	19.957831034427258	21.016347180419864	28.838529343913127	0.0
120.0	30.964439713109027	18.99631170897986	19.96354721120036	30.075701366710756	0.0
121.0	31.034222581514413	19.58070600916195	20.117488547561305	29.267582861762325	0.0
122.0	31.909284410013722	20.038788585999374	19.67575335213337	28.37617365185353	0.0
123.0	32.473082172490734	20.15154141120908	19.931649299161595	27.44372711713859	0.0
124.0	31.481401031767582	19.93646483844692	19.382025522671732	29.200108607113766	0.0
125.0	31.7368074201964	19.92407696874302	19.05265049807469	29.286465112985887	0.0
126.0	31.458661073238943	20.194240517392064	18.960846005943015	29.38625240342597	0.0
127.0	30.84807415239149	19.940507168174072	19.624417260590654	29.587001418843776	0.0
128.0	31.564919685004757	19.615213413126266	19.164042622176062	29.655824279692915	0.0
129.0	30.847216556225675	19.979161383507723	19.394246777732448	29.779375282534154	0.0
130.0	30.901598539742242	20.053100282095247	19.35339343990265	29.69190773825986	0.0
131.0	30.191422878613807	20.303923364247378	19.40425248505636	30.10040127208245	0.0
132.0	30.1242806927632	19.546216708539216	19.720577339802688	30.6089252588949	0.0
133.0	30.55876944402524	19.738864575123944	19.722655398494222	29.97971058235659	0.0
134.0	30.327216027640052	19.137706683418212	19.959953334978575	30.575123953963164	0.0
135.0	31.145364536453645	18.595859585958596	20.23739873987399	30.021377137713774	0.0
136.0	30.6516719453054	19.359901540685037	20.290296902257676	29.698129611751888	0.0
137.0	30.933605257194653	18.644346249716744	21.050872422388398	29.371176070700205	0.0
138.0	32.25421164586912	18.576742387187043	20.211918872496046	28.95712709444779	0.0
139.0	30.45841493145758	19.54072864508099	21.737169349175264	28.26368707428617	0.0
140.0	28.876088950022925	20.33929390187987	21.486703347088493	29.29791380100871	0.0
141.0	29.75757436228014	19.997237314669857	19.632332627313748	30.612855695736258	0.0
142.0	31.17896002682608	19.669761687268018	20.712741232380928	28.43853705352497	0.0
143.0	31.47854659026919	19.27642998542875	20.84269434623847	28.402329078063595	0.0
144.0	33.24101503385978	18.956803215948863	19.64626899682729	28.155912753364063	0.0
145.0	28.838660309612102	19.869915827888633	20.0047089293072	31.286714933192066	0.0
146.0	28.95596738324685	20.033209785025946	20.282283172720533	30.72853965900667	0.0
147.0	28.408289188898323	20.761237399404497	20.254822007246464	30.575651404450717	0.0
148.0	30.944328902552975	20.296591011845557	20.059077071465172	28.7000030141363	0.0
149.0	33.666288585610964	19.69253472857439	19.478492066395912	27.16268461941873	0.0
150.0	26.024981631153565	25.373722530225102	21.3759935876027	27.225302251018636	0.0
