# Position (bp)	A	C	G	T	N
0.0	38.50024885251341	17.071282419952443	19.648288447713323	24.780180279820826	0.0
1.0	23.330015483300155	31.52510506525105	21.4554302145543	23.689449236894493	0.0
2.0	28.614723385497026	27.3032841084417	16.45360370288737	27.628388803173902	0.0
3.0	36.442122628540005	18.63623865823481	19.004674182018146	25.916964531207036	0.0
4.0	37.33369983507422	16.811434854315557	16.641011544804837	29.213853765805386	0.0
5.0	25.93427126841064	26.42338975599033	17.39942844581227	30.242910529786766	0.0
6.0	26.18825210176383	29.248859827463047	17.896587724600252	26.666300346172868	0.0
7.0	38.12191103789127	18.500823723228997	16.348160351455242	27.029104887424495	0.0
8.0	37.462268810712914	17.64447615388837	16.54684155644586	28.346413478952858	0.0
9.0	26.472846955567746	26.71969281404279	17.498628634119584	29.308831596269886	0.0
10.0	24.645147147476298	14.933961747136514	18.79213021318573	41.628760892201456	0.0
11.0	24.52220579376814	17.868681890367448	17.030830732161437	40.578281583702974	0.0
12.0	24.603435072749154	16.759654304780657	18.33497429165299	40.30193633081719	0.0
13.0	26.100714714387035	26.52626984559987	18.544383217851493	28.828632222161605	0.0
14.0	25.198953450343396	17.04458737599477	29.06900686798212	28.687452305679713	0.0
15.0	33.42585034013605	18.487074829931974	19.091156462585033	28.99591836734694	0.0
16.0	24.208637006417927	17.768954639399542	17.747198955727185	40.275209398455345	0.0
17.0	26.44852701380585	25.99739102076313	17.692140450048917	29.861941515382107	0.0
18.0	24.786789070563312	18.110706719539355	17.991199956542996	39.11130425335434	0.0
19.0	25.437072429145402	28.906504506461072	17.276577261374744	28.37984580301879	0.0
20.0	26.17730034722222	16.856553819444446	17.789713541666664	39.17643229166667	0.0
21.0	25.315769501816014	17.309047541605683	19.68341735783596	37.69176559874234	0.0
22.0	26.408755960121372	16.98092761161682	27.947550931946253	28.66276549631556	0.0
23.0	24.89300612167506	17.53074381060729	18.050815320439895	39.52543474727775	0.0
24.0	36.90366599880869	15.589971300157037	17.978014837277307	29.52834786375697	0.0
25.0	27.195973372300696	16.577366455593438	25.631866645018132	30.59479352708773	0.0
26.0	37.13281038680011	15.899377873951853	16.337571003516366	30.63024073573167	0.0
27.0	25.536747606943923	17.938456546427993	14.73149099561949	41.7933048510086	0.0
28.0	25.291891891891893	26.45945945945946	15.102702702702702	33.14594594594595	0.0
29.0	27.26241288022043	14.609109082068183	16.148900534874926	41.979577502836456	0.0
30.0	26.850547306816953	16.646797442288936	25.512084101007908	30.990571149886204	0.0
31.0	28.310180160625137	14.239201215541566	16.74082917299761	40.709789450835686	0.0
32.0	26.675355707613775	16.54176170305203	16.199630715759746	40.583251873574454	0.0
33.0	27.528273162244453	27.289038712483688	16.050456720313182	29.132231404958674	0.0
34.0	26.92265913534651	15.91896589180969	18.22181186182924	38.93656311101456	0.0
35.0	24.652985683958413	26.928310924827176	16.98873224103206	31.42997115018235	0.0
36.0	26.73057023037961	15.22248243559719	17.04700179728773	40.999945536735474	0.0
37.0	38.217185201329485	17.206996131422656	16.705715686808695	27.870102980439164	0.0
38.0	36.93095186233936	18.204094968416467	14.90960575038118	29.955347418862992	0.0
39.0	38.43299869052815	16.804888694893062	15.822784810126583	28.9393278044522	0.0
40.0	25.39344262295082	27.530054644808743	18.005464480874316	29.071038251366122	0.0
41.0	25.94867295459531	15.00329019521825	29.940776486071506	29.10726036411494	0.0
42.0	39.096752925663424	16.010109334651943	17.31223559145102	27.580902148233616	0.0
43.0	37.86734300049622	17.753763025858742	16.121740089320173	28.257153884324858	0.0
44.0	29.167359149077615	27.184089524126087	15.173674588665447	28.47487673813085	0.0
45.0	31.60940325497287	16.907775768535263	17.980711271850513	33.502109704641356	0.0
46.0	30.1671172278201	17.547308921110837	18.70852789383141	33.57704595723765	0.0
47.0	30.60304919449417	17.76433553484353	18.967964940435774	32.66465033022653	0.0
48.0	27.61286332714904	18.800247371675944	18.18800247371676	35.398886827458256	0.0
49.0	28.513931888544892	17.770897832817337	19.46749226006192	34.24767801857585	0.0
50.0	27.46946115210517	21.45470329261487	17.84584857692069	33.22998697835927	0.0
51.0	29.70020482899882	18.906337285084724	18.347712742846504	33.04574514306996	0.0
52.0	29.140761004725192	18.434469037552848	19.40437702064163	33.02039293708033	0.0
53.0	30.099022233293894	19.050881235598183	19.872952606339915	30.977143924768015	0.0
54.0	28.050306594919284	22.982104867976474	18.890001251407835	30.07758728569641	0.0
55.0	29.693366708385483	17.98498122653317	18.848560700876096	33.47309136420525	0.0
56.0	27.53115020975518	19.397658255588254	19.604282762507044	33.46690877214952	0.0
57.0	30.98953437362913	17.77276430406718	19.521213260637964	31.716488061665725	0.0
58.0	30.761994355597366	18.30040765130135	18.25023518344309	32.6873628096582	0.0
59.0	28.794726930320152	18.650345260514754	20.54613935969868	32.008788449466415	0.0
60.0	29.24664862483479	17.269809302032854	19.97608408332809	33.507457989804266	0.0
61.0	29.809085753890745	17.843866171003718	20.458698254678346	31.88834982042719	0.0
62.0	29.38059795635171	18.985744922417055	20.60678693074303	31.026870190488204	0.0
63.0	31.959348567100115	18.30576947355132	19.334679964650928	30.40020199469764	0.0
64.0	28.726561020266434	18.018814319085802	21.642780478565566	31.611844182082205	0.0
65.0	31.287491317800086	17.907431963124328	19.24606933131275	31.559007387762833	0.0
66.0	28.37112360260216	17.412998168382494	21.95414640308217	32.261731825933175	0.0
67.0	28.565110254628166	18.455803373981173	19.612055348455172	33.36703102293549	0.0
68.0	27.40436294656971	18.931394245969017	19.46253556749921	34.20170723996206	0.0
69.0	27.762308568535627	20.263257815466396	20.807492722440195	31.166940893557776	0.0
70.0	26.830812076713716	20.919045509209443	19.7101082346984	32.54003417937844	0.0
71.0	29.580406303398522	18.834250996772354	18.872223277007784	32.71311942282134	0.0
72.0	28.0782873068153	19.28680010134279	21.32632379022042	31.308588801621482	0.0
73.0	29.839016351882368	18.18354671060971	19.86943845861326	32.107998478894665	0.0
74.0	29.871282734132272	17.880920677192318	22.198972798173862	30.048823790501554	0.0
75.0	29.212128901294086	18.650088809946713	21.98046181172291	30.157320477036286	0.0
76.0	29.419977154461225	19.4504378728265	18.276431019164868	32.853153953547405	0.0
77.0	28.408225437928408	19.66235085046966	18.41203351104341	33.517390200558516	0.0
78.0	29.177516671959353	19.275960622419817	19.320419180692284	32.226103524928554	0.0
79.0	28.66399847531923	20.208373038561717	18.626516739724288	32.50111174639477	0.0
80.0	29.205058143229333	17.79246362076635	20.423206456122514	32.57927177988181	0.0
81.0	26.923076923076923	17.355371900826448	20.39415130324221	35.32739987285442	0.0
82.0	30.354871533960825	17.113965911981683	20.46553039938947	32.06563215466802	0.0
83.0	29.304751606131923	18.16678328350614	22.002417149036322	30.526047961325613	0.0
84.0	27.428898644779537	17.41426480880575	21.09817395177197	34.05866259464274	0.0
85.0	29.55558385330447	17.20361645231122	21.132051445307525	32.10874824907678	0.0
86.0	30.551130933418285	17.897419560369546	20.643517043644472	30.907932462567693	0.0
87.0	31.874083986490792	17.912445039189446	20.971133626457654	29.2423373478621	0.0
88.0	32.318083343953106	19.160188607111	16.84720275264432	31.674525296291577	0.0
89.0	30.945704817741525	17.550344124394595	18.26408360948254	33.23986744838134	0.0
90.0	30.147902588295295	16.588040290705088	19.609843172255516	33.65421394874411	0.0
91.0	28.940321346595255	19.446569752614128	17.470033154807446	34.14307574598317	0.0
92.0	28.733579900522894	17.40849381456447	18.116311694936872	35.74161458997577	0.0
93.0	31.709183673469386	17.104591836734695	19.43239795918367	31.753826530612244	0.0
94.0	29.955357142857142	16.81122448979592	19.598214285714285	33.63520408163265	0.0
95.0	30.71378452510047	16.85909293870001	19.5764495758117	32.850672960387826	0.0
96.0	29.700759267530145	17.495055190454924	19.760096982071076	33.04408855994385	0.0
97.0	29.94894703254627	18.334396936821953	19.795788130185066	31.920867900446716	0.0
98.0	31.505362614913178	18.998978549540347	18.392492339121553	31.103166496424922	0.0
99.0	30.283488698761335	18.675775762993233	19.97829140595071	31.062444132294726	0.0
100.0	31.93901735955416	16.30901287553648	19.063480878867463	32.688488886041895	0.0
101.0	31.7591878694423	18.63916730917502	19.692881007453096	29.90876381392958	0.0
102.0	31.47682588796493	17.817314510410622	19.4030812866628	31.302778314961643	0.0
103.0	29.726585223967422	19.19720767888307	19.972852433585416	31.103354663564087	0.0
104.0	28.22340287676558	18.38149539976675	19.489438901127382	33.90566282234029	0.0
105.0	30.138410552992394	18.038858925206316	19.61790889596465	32.20482162583664	0.0
106.0	31.182025398892872	19.088244871377402	18.085314229892543	31.644415499837187	0.0
107.0	30.0	19.033311561071194	18.60222077073808	32.36446766819073	0.0
108.0	33.245987553226335	17.936455944972156	17.373075663282016	31.44448083851949	0.0
109.0	28.778018799710775	17.49819233550253	20.390455531453362	33.33333333333333	0.0
110.0	26.21026249835114	18.922305764411025	20.432660598865585	34.43477113837224	0.0
111.0	31.310792033348772	18.447694038245217	19.175544233441407	31.0659696949646	0.0
112.0	27.775934160748655	19.001791995752306	20.302648171500632	32.91962567199841	0.0
113.0	28.45057287503331	18.525179856115106	17.372768451905145	35.651478816946444	0.0
114.0	30.659274597555275	17.59401509585198	19.20379400173669	32.54291630485606	0.0
115.0	26.922303412214255	19.387276261982972	18.81745659314876	34.872963732654014	0.0
116.0	31.12979152656355	17.67989240080699	18.069939475453932	33.12037659717552	0.0
117.0	29.99055840302131	18.701106015646076	19.61154572430537	31.696789857027248	0.0
118.0	29.413356790039924	17.578997225793355	20.57649367345558	32.43115231071114	0.0
119.0	27.018401575337812	18.815780539145788	23.317715760168397	30.848102125348	0.0
120.0	26.45736856442386	20.845818578044128	21.138654317624624	31.55815853990738	0.0
121.0	30.501402284698	18.127094876530542	19.036869826937547	32.334633011833915	0.0
122.0	27.429983525535416	17.58649093904448	20.627402526084566	34.35612300933553	0.0
123.0	30.271944922547334	17.122203098106713	19.373493975903614	33.23235800344234	0.0
124.0	31.60403426360873	16.924564796905223	19.846642718983144	31.6247582205029	0.0
125.0	27.82819535850364	18.053342570142018	19.674402493938345	34.444059577416006	0.0
126.0	29.972164231036878	18.997912317327767	18.169798190675017	32.86012526096033	0.0
127.0	30.048127223268466	17.39554997558764	20.659831205970566	31.896491595173327	0.0
128.0	30.624693262287035	18.54448573231438	18.916076561733156	31.914744443665427	0.0
129.0	31.224015220914662	18.08188288351772	17.919808329222747	32.774293566344866	0.0
130.0	30.418788907753253	18.91624221844935	17.45897000565931	33.20599886813809	0.0
131.0	31.198523146833285	19.156489633626812	19.177790400454416	30.467196819085483	0.0
132.0	29.974344355758266	17.1536488027366	22.306157354618016	30.565849486887114	0.0
133.0	28.747403853040176	19.659099047482634	19.53018692258111	32.06331017689608	0.0
134.0	27.44350079170865	19.82870303728228	19.540808982294518	33.186987188714554	0.0
135.0	29.042737510828758	16.914524978342477	20.89228992203292	33.15044758879584	0.0
136.0	27.728656327003915	17.872155384838383	19.959414407885202	34.4397738802725	0.0
137.0	29.94765159226407	16.715137414570307	18.8308855605642	34.50632543260143	0.0
138.0	28.794512551079976	18.25014594279043	19.176882661996498	33.778458844133105	0.0
139.0	29.163918809994872	18.319044478639995	19.20568623140617	33.31135047995897	0.0
140.0	28.179808400884305	18.79145173176124	20.464259395725865	32.56448047162859	0.0
141.0	30.01554059054244	18.670909494560796	19.499740990157626	31.81380892473914	0.0
142.0	32.017250353186114	17.20574020373262	17.91211242471559	32.86489701836568	0.0
143.0	32.798028084852106	20.085150881386316	19.166417687481328	27.95040334628025	0.0
144.0	31.66541635408852	18.35708927231808	17.771942985746435	32.20555138784696	0.0
145.0	30.765752185709978	18.880012059089538	18.390111546578233	31.964124208622245	0.0
146.0	29.448317672021822	18.58138829948469	17.83116095786602	34.139133070627466	0.0
147.0	28.88160902026512	18.5738229468231	18.931890903550205	33.61267712936157	0.0
148.0	29.52388242498469	18.409369259032456	19.63410900183711	32.432639314145746	0.0
149.0	30.13086989992302	19.607390300230946	18.15242494226328	32.10931485758275	0.0
150.0	29.38671209540034	17.570078984048322	19.43627071395385	33.60693820659749	0.0
151.0	29.299610894941637	19.291828793774318	20.879377431906615	30.52918287937743	0.0
152.0	30.062548866301796	18.08444096950743	17.326035965598123	34.526974198592654	0.0
153.0	30.279478725074583	18.346679227508243	20.332862301774217	31.04097974564296	0.0
154.0	30.943545203316226	17.497039084090012	19.581523884721676	31.97789182787209	0.0
155.0	28.930867529168978	20.660369870624653	18.350662751011985	32.058099849194384	0.0
156.0	30.773524720893143	17.958532695374803	19.752791068580542	31.515151515151512	0.0
157.0	30.841346153846157	19.286858974358974	19.19871794871795	30.673076923076927	0.0
158.0	28.31466107842347	21.060691545095512	19.029580075763683	31.59506730071734	0.0
159.0	32.172081341651136	16.292635501903913	19.89791784817305	31.637365308271896	0.0
160.0	27.669270833333332	18.660481770833336	21.402994791666664	32.26725260416667	0.0
161.0	29.07186118841054	17.261417580618758	21.08364707808152	32.58307415288918	0.0
162.0	29.960448253131176	18.490441661173367	20.89650626235992	30.65260382333553	0.0
163.0	28.4198308738186	18.653622948101475	19.059857403415688	33.86668877466423	0.0
164.0	28.53926963481741	17.45872936468234	19.15957978989495	34.8424212106053	0.0
165.0	28.66119302949062	16.76441018766756	20.844504021447722	33.729892761394105	0.0
166.0	27.998314369995786	19.216182048040455	20.084281500210704	32.70122208175306	0.0
167.0	28.54117248390376	17.392409352761774	21.374110471026768	32.69230769230769	0.0
168.0	29.719148936170214	18.357446808510637	19.404255319148938	32.51914893617021	0.0
169.0	27.595066803699897	18.4224049331963	20.24665981500514	33.735868448098664	0.0
170.0	28.46690195403288	16.82878540070586	18.65369716794353	36.05061547731773	0.0
171.0	29.915937256261376	17.18519802409221	18.37247595112228	34.526388768524136	0.0
172.0	28.9313110181311	20.109832635983263	17.102510460251047	33.85634588563459	0.0
173.0	28.392136212041425	17.632087063366683	19.624363700193083	34.35141302439881	0.0
174.0	30.787589498806682	18.721824449748077	18.942809157606295	31.547776893838947	0.0
175.0	28.186427110201905	17.744374277328117	20.688428355421152	33.38077025704883	0.0
176.0	29.19649248389406	16.141732283464567	17.913385826771652	36.748389405869716	0.0
177.0	27.17450027012426	19.674050063028993	20.826580226904376	32.324869439942375	0.0
178.0	27.102210945994926	19.780717651322945	20.052555273649872	33.064516129032256	0.0
179.0	28.661489264504343	17.752398355413433	21.068981269986296	32.51713111009593	0.0
180.0	29.603386399190207	15.873746204104169	19.784669181926933	34.738198214778684	0.0
181.0	29.362726935902185	17.886254168210446	18.636532048907004	34.11448684698036	0.0
182.0	29.277389277389275	18.452214452214452	20.102564102564102	32.16783216783217	0.0
183.0	29.619539689995307	20.150305307656176	19.859088774072333	30.371066228276185	0.0
184.0	32.50519554128093	19.355752881163802	17.75930474211222	30.37974683544304	0.0
185.0	28.488482771749474	20.55968018275271	19.57928802588997	31.372549019607842	0.0
186.0	30.143678160919542	18.400383141762454	20.191570881226053	31.264367816091955	0.0
187.0	30.45489591364688	20.72089437162683	18.070547417116423	30.753662297609868	0.0
188.0	29.50676135810876	17.997859713979956	18.708045529720792	33.78733339819048	0.0
189.0	29.063942638247713	18.347902956487573	19.98821333857185	32.599941066692864	0.0
190.0	31.180665610142633	18.17551505546751	18.02694136291601	32.61687797147385	0.0
191.0	29.251224632610217	18.794361691492554	18.374487653703888	33.57992602219334	0.0
192.0	31.822302810516774	18.263322252442833	18.293542862899166	31.62083207414123	0.0
193.0	30.501067181624148	18.355523935359287	18.81288748856591	32.330521394450656	0.0
194.0	29.301323484148966	18.918641633323073	19.872781368626242	31.90725351390171	0.0
195.0	29.344670261302362	20.32351721277478	18.799253421816672	31.532559104106177	0.0
196.0	29.71757322175732	19.476987447698747	18.347280334728033	32.4581589958159	0.0
197.0	27.754842807240394	20.249814756007197	20.40859532126601	31.586747115486396	0.0
198.0	28.294155704119046	21.02652577097261	19.11796420099202	31.561354323916323	0.0
199.0	29.55213752544673	21.78240217145442	18.581768830581318	30.083691472517533	0.0
200.0	24.875686992933787	18.04501439413766	22.023030620256478	35.056267992672076	0.0
201.0	30.113329735563948	17.952869221082928	20.093542003957545	31.840259039395573	0.0
202.0	30.242665700833033	18.00072437522637	20.39116262223832	31.365447301702282	0.0
203.0	29.641100382583346	18.965203133539806	19.96720714155584	31.426489342321005	0.0
204.0	30.57745187901008	17.78185151237397	23.391384051329055	28.249312557286892	0.0
205.0	29.32024448972032	17.225412113354324	23.94887942211521	29.505463974810148	0.0
206.0	29.190914210625117	21.13760090107002	19.71090670170828	29.96057818659658	0.0
207.0	28.271558245083206	18.967473524962177	20.63161875945537	32.12934947049924	0.0
208.0	27.8063655422146	17.667238421955403	21.326472269868496	33.1999237659615	0.0
209.0	28.06544754571704	19.21077959576516	19.307025986525506	33.416746871992295	0.0
210.0	30.725931677018632	16.69254658385093	19.81754658385093	32.7639751552795	0.0
211.0	30.505485893416928	18.51489028213166	20.37617554858934	30.603448275862068	0.0
212.0	26.68778459710948	17.382696495743417	22.51039398138982	33.419124925757274	0.0
213.0	30.10795681727309	20.21191523390644	17.113154738104758	32.566973210715716	0.0
214.0	30.42333400850719	21.105934778205388	19.222199716426978	29.24853149686044	0.0
215.0	26.94353518821604	19.45581014729951	18.985270049099835	34.61538461538461	0.0
216.0	30.500413564929694	17.990074441687344	21.112489660876758	30.3970223325062	0.0
217.0	24.380512389752205	20.411591768164637	24.422511549769006	30.785384292314156	0.0
218.0	25.378296584522264	20.125378296584522	19.606571552096845	34.889753566796365	0.0
219.0	23.303274798291408	22.781205505457997	24.181300427147605	29.73421926910299	0.0
220.0	13.353115727002967	23.2566765578635	20.623145400593472	42.76706231454006	0.0
