# Position (bp)	A	C	G	T	N
0.0	39.61714890613973	17.74876499647142	19.989414255469303	22.644671841919546	0.0
1.0	23.161051331804554	32.439583700829075	21.308872817075322	23.090492150291055	0.0
2.0	29.061181434599153	28.059071729957807	15.822784810126583	27.056962025316455	0.0
3.0	37.16115448723572	17.764716203175716	18.510395648741117	26.563733660847443	0.0
4.0	37.104270805928266	17.346312373936684	16.925370516530737	28.624046303604317	0.0
5.0	26.25120518888597	27.627311771408536	16.145148566920852	29.976334472784643	0.0
6.0	26.4943032427695	29.149868536371603	17.554776511831726	26.801051709027167	0.0
7.0	38.45277729104609	18.72262134221132	15.568599964955318	27.256001401787277	0.0
8.0	37.78244876510772	18.435803117884042	15.852163251007182	27.92958486600105	0.0
9.0	26.819017599159444	27.099203222134665	16.636021364153752	29.44575781455214	0.0
10.0	24.53028052084244	14.594074980337323	18.212007340732324	42.663637158087916	0.0
11.0	22.845918812745523	17.319947621126147	18.06198166739415	41.77215189873418	0.0
12.0	23.863933711295246	16.467509812472745	18.639337112952465	41.029219363279545	0.0
13.0	26.8462812799721	26.58470660040108	18.95544511291307	27.61356700671375	0.0
14.0	25.422547482139745	16.675378985886045	29.804844049485972	28.09722948248824	0.0
15.0	33.84963452836756	17.93421510616081	18.760877131917855	29.455273233553775	0.0
16.0	22.82410225197809	18.554908268846187	18.05060429527867	40.57038518389705	0.0
17.0	26.914052315981575	26.23620404970887	16.85061267054836	29.99913096376119	0.0
18.0	23.538100616908505	19.211052220001736	17.151794247979844	40.09905291510991	0.0
19.0	25.783760312635696	28.797221016066	17.420755536257058	27.998263135041253	0.0
20.0	24.242950108459873	17.544468546637745	17.29284164859002	40.91973969631236	0.0
21.0	24.440783769724295	17.93826946419282	19.056701924744235	38.56424484133865	0.0
22.0	25.94037094817126	17.403362801178716	28.055122204888193	28.601144045761828	0.0
23.0	25.864309851832594	17.563469370071918	17.94471882852439	38.6275019495711	0.0
24.0	36.31560713667071	16.01420405335181	18.283388186384894	29.386800623592585	0.0
25.0	26.820188728248635	16.232360834559778	26.20552333131331	30.74192710587828	0.0
26.0	37.190583347758356	16.098320927817205	15.873290635277826	30.837805089146613	0.0
27.0	25.75928008998875	18.335208098987625	14.701046984511551	41.20446482651207	0.0
28.0	25.311310965063992	27.023521272915946	14.942926323071601	32.722241438948465	0.0
29.0	27.242094349403835	15.491619146362536	16.18282357007085	41.08346293416278	0.0
30.0	26.054934581058838	16.021142015423273	25.803656528896973	32.12026687462092	0.0
31.0	28.776041666666668	13.88888888888889	16.302083333333332	41.032986111111114	0.0
32.0	26.01146032297274	17.511720784858483	16.1052266018406	40.37159229032818	0.0
33.0	26.797499131642933	27.822160472386244	15.725946509204586	29.65439388676624	0.0
34.0	26.182007460744337	16.873427604754056	18.11399323327839	38.830571701223214	0.0
35.0	25.11575085175155	27.090067266532714	16.510876212107974	31.28330566960776	0.0
36.0	27.288624639328496	14.776602255836321	16.525312581970798	41.409460522864386	0.0
37.0	39.52652345462516	17.202981148619028	16.343708899605435	26.926786497150374	0.0
38.0	36.40994116097304	18.828488627382104	15.30692895407043	29.454641257574426	0.0
39.0	39.99470619375331	17.169578260102348	14.857949532380449	27.977766013763894	0.0
40.0	24.924871840197984	26.89588120912144	18.85274880678805	29.326498143892522	0.0
41.0	25.923628953663506	14.981837512182155	30.610436785682644	28.484096748471693	0.0
42.0	39.18258551754776	16.099511328298536	16.801421590404264	27.916481563749446	0.0
43.0	38.021390374331546	17.629233511586452	16.836007130124777	27.51336898395722	0.0
44.0	28.277842591761644	27.021448442968683	15.43569954231356	29.26500942295612	0.0
45.0	32.15526655415467	16.22158244812866	17.800059565174227	33.82309143254244	0.0
46.0	30.281619057232263	17.310992227717776	18.330473402644596	34.07691531240537	0.0
47.0	30.359493670886078	17.539240506329115	18.946835443037973	33.154430379746834	0.0
48.0	28.485954771321364	17.49315485244904	17.979920900517186	36.0409694757124	0.0
49.0	29.338339760503352	18.124619443880658	18.753805561193424	33.78323523442257	0.0
50.0	26.739108357875494	21.052097085406725	19.010866253681325	33.197928303036456	0.0
51.0	30.201137748882566	18.833807395367735	18.01097114993905	32.954083705810646	0.0
52.0	28.45817664396788	18.30470576278077	19.78859640207338	33.44852119117797	0.0
53.0	29.301047919422118	19.228812697120766	19.238986672092786	32.23115271136433	0.0
54.0	27.32830650091706	22.65131444874669	19.258202567760343	30.76217648257591	0.0
55.0	29.125916870415647	18.785656071719643	19.23390383048085	32.854523227383865	0.0
56.0	27.11328642806159	19.741001325583767	19.588049352503315	33.55766289385133	0.0
57.0	29.96120865659453	17.78276847692936	19.303797468354432	32.95222539812168	0.0
58.0	30.22067838169187	18.277482631794033	19.35022476501839	32.15161422149571	0.0
59.0	28.073225608508896	20.024544896706892	20.177950501124975	31.724278993659233	0.0
60.0	29.52312730249693	17.00777732296357	19.381907490790013	34.087187883749486	0.0
61.0	29.584101618520798	17.475927064126203	20.641262036467936	32.29870928088506	0.0
62.0	28.45870055339209	19.255995080959213	20.752203320352532	31.53310104529617	0.0
63.0	31.5287603814211	17.891930687993437	19.593971085819746	30.985337844765716	0.0
64.0	27.54871794871795	18.266666666666666	22.05128205128205	32.13333333333333	0.0
65.0	29.933299127757824	19.096972806567468	20.502821959979475	30.46690610569523	0.0
66.0	29.431713081903194	16.781420203473434	20.809783167197615	32.97708354742575	0.0
67.0	28.409675759135354	18.25012866700978	19.969119917653114	33.37107565620175	0.0
68.0	26.256695508858673	20.08652657601978	20.756077461887106	32.90070045323444	0.0
69.0	27.693576657387357	20.228889576244974	20.063924115888234	32.01360965047943	0.0
70.0	26.72787291107902	20.002063131834124	19.898906540127914	33.371157416958944	0.0
71.0	28.627450980392155	19.019607843137255	20.061919504643964	32.29102167182663	0.0
72.0	28.120161040569837	19.438422628264686	21.63724579333127	30.804170537834214	0.0
73.0	28.25705134827978	18.400661225333195	20.83892964149189	32.50335778489513	0.0
74.0	29.350300020691083	18.45644527208773	20.504862404303744	31.688392302917446	0.0
75.0	28.657148768880614	18.218497827436376	22.44982412580178	30.674529277881234	0.0
76.0	29.39958592132505	18.70600414078675	18.88198757763975	33.01242236024844	0.0
77.0	28.220795360397684	19.93579121789561	18.485915492957748	33.35749792874896	0.0
78.0	28.59658208182289	18.767477990678405	18.767477990678405	33.868461936820296	0.0
79.0	29.157600248678893	19.096466687389906	18.454046212827684	33.29188685110351	0.0
80.0	29.242439987529877	17.738750909279847	20.731580588174168	32.28722851501611	0.0
81.0	26.584781929842823	17.882793796190278	20.15197252003747	35.38045175392943	0.0
82.0	28.473234742761928	17.840033326390337	21.120599875026038	32.566132055821704	0.0
83.0	29.18186555497655	18.3637311099531	22.574257425742577	29.880145909327776	0.0
84.0	27.64626134112003	18.041505892168107	20.523516529356552	33.7887162373553	0.0
85.0	30.37037037037037	16.77621283255086	21.366718831507566	31.486697965571203	0.0
86.0	30.29860096053456	17.435790352892045	20.578408853622886	31.687199832950512	0.0
87.0	33.13498277481992	17.653199707693915	20.597139576156177	28.61467794132999	0.0
88.0	31.575099227073324	19.07248798830165	17.317735533737206	32.034677250887825	0.0
89.0	31.891778961663007	16.243601796719943	18.510393815940667	33.35422542567638	0.0
90.0	30.19951948187611	16.995717121069674	19.001357986002297	33.80340541105192	0.0
91.0	29.544504805683243	19.52569995821145	17.101964061847053	33.82783117425826	0.0
92.0	29.610281057360776	17.44854247205099	18.29484902309059	34.64632744749765	0.0
93.0	31.483223581059892	16.912302707222747	19.138705968433158	32.46576774328421	0.0
94.0	29.36192468619247	17.311715481171547	19.476987447698747	33.84937238493724	0.0
95.0	29.86183797362361	16.862047310027215	20.138162026376385	33.137952689972785	0.0
96.0	30.04920950685792	16.867343733640457	19.3382891843786	33.745157575123024	0.0
97.0	30.1948051948052	18.33891914537076	19.87850858818601	31.58776707163804	0.0
98.0	31.779616633497433	19.021682203833663	18.571278935791348	30.627422226877556	0.0
99.0	29.952854897852276	19.402828706128865	19.790466212676794	30.853850183342065	0.0
100.0	31.81150293870697	16.21536523929471	19.196053736356003	32.777078085642316	0.0
101.0	31.762230405049973	18.600736454497632	19.40031562335613	30.236717517096267	0.0
102.0	30.7108205020038	17.622864374604514	19.479012866483863	32.18730225690783	0.0
103.0	29.357603979257064	19.68462271139803	19.335379405228068	31.622393904116837	0.0
104.0	28.639643463497457	17.964770797962647	19.588285229202036	33.807300509337864	0.0
105.0	29.0531914893617	18.28723404255319	19.47872340425532	33.180851063829785	0.0
106.0	31.74298217525883	18.892090938200447	17.856761660796245	31.508165225744477	0.0
107.0	30.248234538840148	18.446394179328056	19.206077466295742	32.09929381553606	0.0
108.0	33.07568438003221	17.57380568974772	16.854535695115406	32.49597423510467	0.0
109.0	29.544720697449144	18.243461414271874	20.37455602195673	31.837261866322248	0.0
110.0	27.358083315346427	18.38981221670624	19.80358299158213	34.44852147636521	0.0
111.0	31.320999675430055	18.262468895380287	19.79876663420967	30.617764794979983	0.0
112.0	27.592933781294025	18.80351143383548	20.23409558903219	33.3694591958383	0.0
113.0	30.043478260869566	17.97826086956522	17.27173913043478	34.70652173913044	0.0
114.0	31.034107006647055	17.413097962297048	18.339326577312846	33.213468453743054	0.0
115.0	26.483768717892666	20.275439938791127	18.450103836484864	34.79068750683135	0.0
116.0	29.284853794765088	17.97174460628628	18.683605300624247	34.05979629832439	0.0
117.0	29.548698803118477	19.007356978148675	20.028549467442627	31.415394751290215	0.0
118.0	29.65448943661972	16.7693661971831	20.488556338028168	33.087588028169016	0.0
119.0	25.805028672254082	18.912659902955447	24.19497132774592	31.087340097044553	0.0
120.0	26.182059213433494	20.51480335837384	20.349094122845777	32.954043305346886	0.0
121.0	30.193905817174517	18.07202216066482	19.246537396121884	32.48753462603878	0.0
122.0	26.90383546414675	17.92106725958866	20.500277932184545	34.67481934408004	0.0
123.0	30.035650623885918	17.769607843137255	18.694295900178254	33.500445632798574	0.0
124.0	31.088777219430487	16.884422110552762	19.46398659966499	32.562814070351756	0.0
125.0	28.475486903962388	17.461383478844862	19.66644280277591	34.39668681441683	0.0
126.0	30.071893956414286	18.928330712199507	17.97348910357223	33.02628622781397	0.0
127.0	29.113638923302176	16.916319405338438	21.398806171866198	32.571235499493184	0.0
128.0	29.37853107344633	17.717514124293785	20.384180790960453	32.51977401129943	0.0
129.0	30.548007246376812	18.331068840579707	18.285778985507246	32.835144927536234	0.0
130.0	29.883100669617523	18.635796163886052	17.750539098853704	33.73056406764272	0.0
131.0	30.70534698521047	19.306029579067122	19.88623435722412	30.10238907849829	0.0
132.0	29.94860079954312	16.767561393489437	21.656196459166193	31.627641347801255	0.0
133.0	28.419243986254294	19.599083619702178	19.599083619702178	32.38258877434135	0.0
134.0	26.780167951225124	20.568273323363627	19.2223628206603	33.42919590475095	0.0
135.0	28.79870878487434	17.489047728844824	20.636384597648146	33.075858888632695	0.0
136.0	27.771996762631517	16.892126257370794	20.591975950976995	34.7439010290207	0.0
137.0	30.015082956259427	16.834899640329503	18.865297598329274	34.2847198050818	0.0
138.0	28.258845437616387	18.37756052141527	19.33193668528864	34.0316573556797	0.0
139.0	29.84708766195868	18.956460838099684	18.991478930780904	32.20497256916073	0.0
140.0	30.00937426763534	18.408718068900868	20.939770330442933	30.64213733302086	0.0
141.0	30.103480714957666	17.979774223894637	19.567262464722486	32.34948259642521	0.0
142.0	32.18458633305794	17.03056768558952	18.033754278295763	32.751091703056765	0.0
143.0	34.05162206961875	19.239876864788066	18.505801562869998	28.202699502723185	0.0
144.0	31.290092658588737	18.460441910192447	17.60513186029936	32.64433357091946	0.0
145.0	30.223969502025255	18.668096259232787	17.977126518942104	33.13080771979986	0.0
146.0	29.452546019603155	18.96963901506096	17.953621802534066	33.62419316280182	0.0
147.0	28.70492392476339	18.17419432131305	18.377860309093087	34.74302144483048	0.0
148.0	28.68477999519115	17.9971146910315	20.02885308968502	33.28925222409233	0.0
149.0	29.57780458383595	19.927623642943303	18.48009650180941	32.01447527141134	0.0
150.0	29.60900617358673	17.20130734777872	19.912843481418715	33.27684299721583	0.0
151.0	29.26592124453087	19.214876033057852	20.162858531842488	31.35634419056879	0.0
152.0	29.454811562385657	18.709598731552628	17.40456153189413	34.43102817416758	0.0
153.0	30.756981871631556	18.275355218030377	18.961293483586477	32.00636942675159	0.0
154.0	30.84307692307692	18.055384615384614	19.507692307692306	31.593846153846155	0.0
155.0	28.825710754017305	20.7540173053152	18.257107540173052	32.16316440049444	0.0
156.0	31.47435101229661	17.016519686995405	19.227425164575827	32.281704136132156	0.0
157.0	30.473815461346632	18.85286783042394	20.08728179551122	30.5860349127182	0.0
158.0	27.337678616194534	20.957633492103284	19.62897969415894	32.07570819754324	0.0
159.0	33.530671369190074	15.518327245244992	19.14598815971785	31.805013225847084	0.0
160.0	27.48641476052066	18.602300012637432	21.003412106659926	32.90787312018198	0.0
161.0	28.921319796954315	17.09390862944162	19.911167512690355	34.0736040609137	0.0
162.0	30.326197757390418	17.622324159021407	20.667686034658512	31.383792048929664	0.0
163.0	28.37768679631525	17.438587512794268	18.948311156601843	35.23541453428864	0.0
164.0	27.145426515930115	17.51027749229188	20.182425488180883	35.16187050359712	0.0
165.0	28.149580915538365	16.479690522243715	21.547388781431334	33.82333978078659	0.0
166.0	26.93502459228579	19.751488480455603	20.191560962982138	33.121925964276464	0.0
167.0	28.135549207997922	17.631783952220204	21.773565307712282	32.45910153206959	0.0
168.0	29.457060819629337	18.350300182719916	19.09423127120856	33.09840772644218	0.0
169.0	27.621047106678915	18.265319511875084	20.482876262957618	33.63075711848838	0.0
170.0	27.46237127013467	18.352257723791922	19.289675204647477	34.89569580142593	0.0
171.0	29.542136695421366	17.37226277372263	18.487060384870606	34.5985401459854	0.0
172.0	28.318466249500734	19.824257755292237	17.18812408467581	34.66915191053122	0.0
173.0	28.37458193979933	17.204013377926422	19.745819397993312	34.675585284280935	0.0
174.0	30.86652314316469	18.877825618945103	18.568353067814854	31.68729817007535	0.0
175.0	27.94216997703013	17.646264018375895	21.24037292257803	33.17119308201594	0.0
176.0	27.67432377327715	17.140138643468806	18.580943319287755	36.60459426396629	0.0
177.0	27.474029524330234	20.03827227993439	19.300164024056862	33.187534171678514	0.0
178.0	27.67157199834961	20.217301609132168	19.337092559482876	32.77403383303535	0.0
179.0	28.547740776564872	17.6039795495371	21.72170789000967	32.12657178388835	0.0
180.0	29.581770182020286	15.631513130471031	20.03612616367931	34.75059052382937	0.0
181.0	28.59137233002932	18.204662850760855	18.42803294708921	34.775931872120616	0.0
182.0	29.789621318373072	17.321178120617112	19.032258064516128	33.85694249649369	0.0
183.0	29.18194640338505	20.310296191819464	19.717912552891395	30.789844851904093	0.0
184.0	30.608769689229458	19.526039449411098	18.220519369944657	31.64467149141479	0.0
185.0	28.963153384747216	19.465866895172805	20.43701799485861	31.133961725221365	0.0
186.0	29.29771650150797	18.885537842883814	20.709464311360044	31.107281344248168	0.0
187.0	30.757006645478185	21.453337185784456	16.6281421554464	31.161514013290958	0.0
188.0	30.90882694541231	17.857142857142858	18.30720092915215	32.926829268292686	0.0
189.0	30.621799561082664	18.814923189465986	19.42940746159473	31.13386978785662	0.0
190.0	31.956489783918858	17.3011906511833	17.595178597677496	33.147140967220345	0.0
191.0	29.718518518518515	18.814814814814813	18.20740740740741	33.25925925925926	0.0
192.0	32.250856546998364	18.42693281692239	18.039624608967674	31.282586027111574	0.0
193.0	31.468110709987968	18.21600481347774	19.34416365824308	30.971720818291214	0.0
194.0	29.385034837927897	18.827627991517723	19.751590427143288	32.03574674341109	0.0
195.0	29.59963325183374	20.55317848410758	19.25427872860636	30.59290953545232	0.0
196.0	29.593721144967684	20.067713142505387	18.559556786703602	31.779008925823334	0.0
197.0	28.955548647808516	19.785514454460678	20.873484612993472	30.385452284737337	0.0
198.0	27.679418273790706	21.893771735693964	19.570028453999367	30.856781536515964	0.0
199.0	29.099307159353348	21.89046519300561	18.40976575387661	30.600461893764436	0.0
200.0	24.34749476090684	18.536864164602783	22.347113735949705	34.76852733854067	0.0
201.0	32.22041259500543	17.100977198697066	18.919652551574377	31.758957654723126	0.0
202.0	28.812636165577345	18.38235294117647	20.39760348583878	32.407407407407405	0.0
203.0	29.365079365079367	20.19704433497537	19.841269841269842	30.596606458675424	0.0
204.0	32.84731774415406	18.789546079779917	21.513067400275105	26.85006877579092	0.0
205.0	29.34993084370678	17.759336099585063	21.881051175656985	31.009681881051176	0.0
206.0	29.15273132664437	21.29319955406912	20.707915273132667	28.846153846153843	0.0
207.0	28.511354079058034	19.2318474908887	19.68040370058873	32.57639472946454	0.0
208.0	27.583286278938452	17.871259175607	22.134387351778656	32.41106719367589	0.0
209.0	27.19795802609189	19.313669880884856	19.483834373227456	34.0045377197958	0.0
210.0	28.661147587781898	17.95603768198687	20.097059663145874	33.285755067085354	0.0
211.0	28.952654232424678	17.87661406025825	20.889526542324248	32.281205164992826	0.0
212.0	25.12998266897747	16.522241478913923	23.570190641247834	34.77758521086077	0.0
213.0	28.898550724637683	19.275362318840582	18.81159420289855	33.01449275362319	0.0
214.0	29.451255107997664	21.920607122008175	19.497956800934034	29.130180969060127	0.0
215.0	27.88376871147637	18.784854710889345	19.694746110948046	33.636630466686235	0.0
216.0	30.962962962962965	18.666666666666668	21.007407407407406	29.362962962962964	0.0
217.0	25.89366176028837	19.315109642535297	25.082607389606487	29.70862120756984	0.0
218.0	26.777983920841063	19.882498453927024	19.882498453927024	33.457019171304886	0.0
219.0	22.54000680966973	22.676200204290094	24.378617637044602	30.405175348995574	0.0
220.0	13.37061514997458	23.53838332486019	22.674123029994917	40.41687849517031	0.0
