# Position (bp)	A	C	G	T	N
0.0	26.939255528441358	24.296533059740018	23.687405290885714	25.07680612093291	0.0
1.0	27.54129833060846	21.212001634624382	15.06000847206565	36.186691562701505	0.0
2.0	30.333017671106266	21.309980306981515	16.936384495723615	31.420617526188604	0.0
3.0	24.425858249896212	22.613579744707664	15.150461797160741	37.81010020823538	0.0
4.0	34.54587460600304	13.752698128241715	14.77629819495146	36.925129070803784	0.0
5.0	36.668112217374166	15.499511491530377	23.45097685255891	24.38139943853655	0.0
6.0	33.86277432298869	17.461630123144044	20.24600715080072	28.429588403066543	0.0
7.0	36.47180341185785	18.08633143838808	19.6004446013188	25.841420548435273	0.0
8.0	24.076793251719483	26.34905387727557	23.693400826499385	25.880752044505563	0.0
9.0	27.794127711997813	20.203866262153987	15.33073574106247	36.671270284785734	0.0
10.0	27.653389098779734	16.38754554428843	23.646687203127154	32.31237815380468	0.0
11.0	28.381948277887183	19.88189194059988	19.418282391175637	32.3178773903373	0.0
12.0	25.388958907851624	22.32020559971715	19.224494077710787	33.06634141472044	0.0
13.0	27.82350678543025	21.974351441263224	18.96970608075091	31.232435692555615	0.0
14.0	31.200964518268375	19.39745104409282	19.160117145693008	30.2414672919458	0.0
15.0	31.135959955994153	18.478062379872316	20.618102231404883	29.767875432728648	0.0
16.0	28.741610301982806	18.979030873132313	18.999234589958693	33.28012423492619	0.0
17.0	30.007899175084635	18.194373503961096	20.413674090735608	31.38405323021866	0.0
18.0	32.183415079683634	17.68859317873505	19.72020243167871	30.4077893099026	0.0
19.0	31.720343499050635	19.24206772489113	19.583408922929692	29.454179853128544	0.0
20.0	31.846527067750298	17.235444133584824	19.957446668613315	30.960582130051563	0.0
21.0	30.270099186501525	19.91530577996658	18.850725316422782	30.96386971710911	0.0
22.0	32.04990915799217	18.365088933712983	22.254842391582102	27.330159516712747	0.0
23.0	29.5233387299573	20.512720122632974	22.227555419004467	27.73638572840526	0.0
24.0	35.10267283816494	18.896422776522684	17.51802718475851	28.48287720055387	0.0
25.0	31.33581536193793	20.450943373106163	19.75651532508707	28.45672593986884	0.0
26.0	31.988879587342073	17.517788087517957	23.088634243686116	27.404698081453855	0.0
27.0	27.969266440699847	21.471948364559932	23.580038847324158	26.97874634741606	0.0
28.0	28.414824148462646	19.522229916504255	19.541327808593095	32.521618126439996	0.0
29.0	28.814923493366095	21.422933430247415	17.77759712652936	31.984545949857125	0.0
30.0	28.21491627995251	19.460398295124918	15.478794134357997	36.84589129056457	0.0
31.0	35.82464433513906	15.19762691155711	17.770212173804556	31.207516579499273	0.0
32.0	34.40759090170063	15.626165377360143	23.859312774137553	26.106930946801675	0.0
33.0	32.21255402739656	17.6882004104642	20.04450883098594	30.0547367311533	0.0
34.0	32.63798961345758	17.842659327376772	21.332418217537626	28.18693284162802	0.0
35.0	27.67535879566877	21.054655633072038	25.167624309717358	26.102361261541834	0.0
