# Position (bp)	A	C	G	T	N
0.0	31.107792885159103	15.193542858340658	26.712403931399038	26.97787570791446	0.008384617186738988
1.0	28.15333588153336	17.67308237673082	20.56385090563851	33.60393573603936	0.005795100057951001
2.0	29.423987426899146	19.40221113152981	19.193685859695623	31.976666847314668	0.0034487345607543862
3.0	31.02685519062154	18.61101986735413	20.220805791046466	30.140704024526322	6.15126451544644E-4
4.0	32.14274303942747	18.130297690581692	19.747529485203945	29.97881538170406	6.144030828289085E-4
5.0	32.23350970277392	18.100757639914235	19.756936645691344	29.907445932395397	0.0013500792251036186
6.0	27.9819747150757	18.05875134693157	17.825099326626155	36.13392943610917	2.4517525740337334E-4
7.0	27.62608373054305	19.754413588673984	19.424320376521752	33.19493742799107	2.448762701426037E-4
8.0	26.8900813139334	19.46692976632789	19.704232945897076	33.93863371563475	1.2225820688778287E-4
9.0	30.35723442440817	17.541846240248084	19.803435603794547	32.296873283113776	6.1044843542066E-4
10.0	28.850106925400944	20.696465975288895	21.060158644619957	29.392536924011033	7.315306791774669E-4
11.0	27.07136168414695	20.17556998140551	20.137090224071525	32.61561279622411	3.6531415190493063E-4
12.0	28.350614509377564	18.980836258120693	20.159750547865574	32.50867707185613	1.2161278004382925E-4
13.0	29.099334081338245	18.53097177495738	20.855494193247555	31.514078521087423	1.2142936939299886E-4
14.0	28.947237573415897	18.945576127569936	20.238229505095305	31.86883552049945	1.2127341941320642E-4
15.0	29.26414559652382	18.485856220041804	20.778240934732008	31.47163614432735	1.2110437501665184E-4
16.0	29.3829113349998	19.06182012555342	20.77666075300611	30.778486852686964	1.2093375369906119E-4
17.0	28.91569030076096	19.60272979828482	19.916294238434592	31.5651648749849	1.2078753472641624E-4
18.0	28.897576438914008	19.091876269559048	20.237072812980987	31.773112608983052	3.618695629098173E-4
19.0	28.294567103740842	18.829059005013498	21.02523621288083	31.850776128037023	3.6155032780563055E-4
20.0	28.445539069274496	18.78914153579343	19.859090471143656	32.905626746314674	6.021774737450621E-4
21.0	28.643975786872478	18.451135005398484	20.45850390412006	32.44566309857257	7.22205036417189E-4
22.0	28.972267340431934	18.70552848462973	19.89917584070264	32.42278770378391	2.4063045178367322E-4
23.0	28.619269502480083	18.420321659401772	18.803427025402076	34.1567413197054	2.4049301067187733E-4
24.0	28.71880291651494	18.344552085173582	18.978979412058088	33.95754540680144	1.2017945195766319E-4
25.0	29.94304058283384	18.277473217299995	19.05383211569213	32.725053373172486	6.007110015414244E-4
26.0	28.85804211765554	18.577057530362914	18.722415097966195	33.84224499357303	2.4026044231947432E-4
27.0	29.48785689582293	18.423606040810053	18.93613342043577	33.152163470775854	2.4017215540099145E-4
28.0	29.790329317886105	18.053068240197042	18.607012708914485	33.5494697016982	1.20031304164126E-4
29.0	29.68455148007078	18.517829829349488	18.56305671355307	33.234442011816576	1.1996521008907418E-4
30.0	29.9381004841075	18.344841987024864	19.099324841651004	32.61749267358386	2.4001363277434157E-4
31.0	30.016867050427077	18.299249086117996	19.157007629189003	32.52663613390398	2.4010036195129563E-4
32.0	29.851291335158503	18.813165744270112	18.832626769962268	32.50255576124445	3.60389364669589E-4
33.0	30.367266453044124	17.783415596048986	19.81098613056626	32.037610393358065	7.214269825715265E-4
34.0	30.576718793797674	18.729074860719628	19.51501196409688	31.178953776119204	2.406052666086808E-4
35.0	29.75919018942614	18.92455460659223	19.242030594235107	32.07362264541652	6.019643300016615E-4
36.0	30.008626734684533	18.30626835892036	19.713052635130087	31.971690815901145	3.614553638771148E-4
37.0	29.705289784914473	18.618480306634627	20.390503393453752	31.285244233419462	4.822815776877251E-4
38.0	30.209175436606667	18.296214426541248	19.446462140645625	32.04778601748598	3.6197872047761886E-4
39.0	30.152227302242963	18.365947711390866	19.29945694430505	32.181279754095286	0.0010882879658325947
40.0	30.14702496782996	18.366731208696937	19.84437212075095	31.640296521758092	0.0015751809640592172
41.0	30.156437033062282	18.513617524444044	19.414168441141264	31.91516999749914	6.070038532604605E-4
42.0	30.15695422127964	18.057405409880374	19.54732610490074	32.236731573218925	0.0015826907203190703
43.0	30.47986034752207	18.311102225711366	19.43139401357028	31.776058669644357	0.001584743551922294
44.0	30.87188384154487	17.95497774020026	18.830363123277444	32.34167725059447	0.001098044382953959
45.0	30.396000664438844	17.896611361904203	19.467447382306386	32.2376199409822	0.002320650368372711
46.0	29.921109672592305	18.342215066304306	19.657909632493084	32.077298583935125	0.0014670446751779709
47.0	29.729508166633835	18.80619952061021	19.43890104968989	32.02343357123368	0.0019576918323873198
48.0	29.579052208992778	18.505237805303835	19.643944396326248	32.27017299274634	0.0015925966308005736
49.0	29.940942178272216	18.644049090588027	19.742308748798244	31.670615300096138	0.002084682245374458
50.0	28.868442212905958	19.11316805489912	19.48931050780459	32.526623986447085	0.0024552379432471747
51.0	29.590861047612027	18.027923211169284	20.026178010471206	32.35208809576481	0.0029496349826708948
52.0	28.979950907715118	18.670571082306473	20.43986195101845	31.907032254492435	0.002583804467520963
53.0	29.89719417823699	18.81222141617575	19.307591028169067	31.980653242503255	0.002340134914936096
54.0	28.767866612403964	18.704354582115506	20.165994549064585	32.36067433744003	0.0011099189759147582
55.0	29.016422386598368	19.05754934679621	20.011210831539973	31.9127184908344	0.002098944231051781
56.0	29.806113770323194	18.186538233316192	19.334600854464178	32.67089283595079	0.0018543059456465841
57.0	29.512420915058563	18.1448578698799	20.226314121921998	32.114550639115244	0.0018564540242972704
58.0	29.345351478700344	18.579956896284628	20.25825049480041	31.813838548205396	0.0026025820092180976
59.0	28.96288769031675	18.379843143385706	19.924958961932308	32.7304490675084	0.0018611368568376308
60.0	29.41354818507602	18.199688855974113	20.31718300338481	32.06808885000969	0.0014911055553622642
61.0	29.288514918034824	18.36206574639963	20.918482928590098	31.42894484621417	0.001991560761274101
62.0	29.175978471812808	18.604581595095084	19.938750861588662	32.279193366047735	0.0014957054557102917
63.0	29.35076803227933	17.926662405369235	20.157726264906216	32.56371971316142	0.001123584283802409
64.0	28.55840921705996	18.59001285147792	20.71313201018117	32.13682073438445	0.0016251868964930966
65.0	28.996405854288753	19.056483545923317	19.54008455193359	32.40652529610077	5.007517535700471E-4
66.0	29.08077610256089	18.510234147258878	20.098172585650254	32.30993950412187	8.776604081120899E-4
67.0	29.385499552362308	19.246160549370106	20.130762942881933	31.236070180549298	0.0015067748363579746
68.0	29.519417707701944	18.576789293789503	19.474674359470928	32.42811260535059	0.0010060336870380106
69.0	29.592985903782925	18.64756937883426	19.88335033949334	31.87533854855574	7.558293337364423E-4
70.0	29.83031512904606	18.724139366965776	20.25732236844596	31.18784457183814	3.785637040691812E-4
71.0	29.869417371408346	19.14735737671761	19.509777895761438	31.47332094504911	1.2641106349627719E-4
72.0	29.850164021633123	18.233252694641116	19.97897483312857	31.93722847770192	3.799728952668043E-4
73.0	29.597646443647402	18.438687470967643	20.448424574255565	31.514987676320004	2.538348093827499E-4
74.0	29.73221449798007	19.32038254708404	18.875450939900535	32.07169769574003	2.543192953320965E-4
75.0	29.60978376552612	18.27662462638532	19.918553593392517	32.19491055553077	1.2745916526992664E-4
76.0	30.17061437013456	18.893024943217966	19.369508621416472	31.56672432161754	1.2774361345804517E-4
77.0	29.775815295667503	18.262776582165852	19.34932537188083	32.612082750285815	0.0
78.0	29.690911401276093	17.99018607439125	19.875060486691645	32.443456976474046	3.8506116696637266E-4
79.0	29.84983384941686	18.201918646702858	20.171916304378602	31.775687703827256	6.434956744220766E-4
80.0	29.4125768197061	18.27196143628174	20.047378872274457	32.26692162486823	0.001161246869471981
81.0	29.317937986362125	18.283268689958987	20.39741115903823	32.000217419156954	0.001164745483699387
82.0	29.4396052761354	18.72628360525537	20.55857787283081	31.27436527011384	0.001167975664578153
83.0	29.79965698611028	18.251696201082133	19.863575204103675	32.08403059538155	0.001041013322367993
84.0	29.229387710351794	18.42324745450345	20.565497672148137	31.780822990588092	0.0010441724085272339
85.0	29.888125896007487	18.13342410693829	20.345507033863356	31.631764651972688	0.0011783112181774143
86.0	29.74135610446603	18.086689103393216	19.850987920672207	32.318603267813366	0.0023636036551817415
87.0	30.2187365808809	17.533437481065047	19.743327651749656	32.50304935074515	0.0014489355592496094
88.0	29.852053882198103	17.82726933963386	20.257227503495155	32.061335003607475	0.002114271065407618
89.0	29.591993657712695	18.226519351665512	19.19642265299575	32.98267802551233	0.0023863121137157267
90.0	30.02769699856061	17.712909036245552	19.73590738932508	32.52122505341184	0.002261522456917997
91.0	29.954490416821862	18.361227810907614	19.281565348103587	32.40071394910776	0.0020024750591731383
92.0	29.819849267099453	17.877629319237066	19.294802581696107	33.00436980733731	0.0033490246300667396
93.0	29.73319689050194	17.566700777374518	19.700614665094257	32.997605078685474	0.0018825883438197987
94.0	30.151814540075367	17.8665522118925	19.915940526707914	32.06407307829354	0.001619643030676039
95.0	29.32992352321747	18.348735754623778	19.742610835769394	32.5764259606354	0.002303925753959703
96.0	29.254401480312392	18.16498408119949	19.64420800566002	32.93559008408392	8.163487441835152E-4
97.0	30.088968165950075	18.235742421179722	19.601678294171315	32.071425839829985	0.0021852788688996577
98.0	29.388763515014244	18.40838856334336	19.55183486112749	32.64923071017064	0.0017823503442678241
99.0	29.14106460528779	17.947595608558245	20.007598031118892	32.901677072665805	0.0020646823692643122
100.0	29.280599700647215	18.645559945878787	19.971916673231423	32.09985060001852	0.0020730802240585106
101.0	29.435092217948505	18.604686658785266	19.58569914137125	32.3728568970589	0.0016650848360723978
102.0	28.996746166119713	18.83377577113076	19.186053803223178	32.98189140416519	0.0015328553611616256
103.0	29.864928197200634	18.671385902448918	19.525744783542365	31.936961828750498	9.792880575821377E-4
104.0	29.509244779042827	18.979371897389203	19.01084587725991	32.498851340243554	0.0016861060645019877
105.0	29.63731959490455	18.628885987508383	19.49384240798899	32.23882282367056	0.0011291859275203784
106.0	30.22377796870171	18.739703576421082	19.00269656421991	32.03297123948383	8.506511734732939E-4
107.0	29.968075593349695	18.391419995329525	19.07575852504115	32.564176316134215	5.695701454112582E-4
108.0	28.783413355613675	18.849968239071092	19.486045220695537	32.88000091563038	5.72268989315738E-4
109.0	29.948875240927403	18.26707620133123	19.369628989764987	32.4142758379818	1.4372999458137921E-4
110.0	29.18652203295846	18.51213271182427	18.950105991555333	33.350950458334054	2.8880532788068874E-4
111.0	29.15819131989078	17.97189425088574	19.5518633188926	33.317760941539696	2.901687911858328E-4
112.0	28.958020038244488	18.246062874404345	20.033722828108385	32.76204839925961	1.4585998316775793E-4
113.0	29.27584867779919	18.213325322215464	19.254233314038263	33.25629959626897	2.93089678114261E-4
114.0	28.5623189515648	17.65059327188302	20.313358300283788	33.47343493890559	2.945373628008147E-4
115.0	29.231479645148017	18.25439346892381	20.37527639559425	32.13870248733834	1.4800299558063055E-4
116.0	28.366855964518926	18.645863244328133	20.438365621089876	32.548468829829815	4.463402332574059E-4
117.0	28.335751574349693	18.173754356573376	20.70827038427595	32.781924520963905	2.991638370753743E-4
118.0	28.70358118105595	18.315359260907744	21.007560538440256	31.973198282187926	3.007374081247218E-4
119.0	28.845778742127905	18.578221983654768	20.17585109358816	32.39999697590552	1.5120472363556637E-4
120.0	29.2694681056461	18.43014620367569	20.338076046586934	31.96230964409127	0.0
121.0	29.967741442309165	18.17486890183308	20.036692198321333	31.820391689217082	3.057683193444327E-4
122.0	30.03310479289131	18.039575065463843	19.6815912442205	32.24496009127267	7.688061516793033E-4
123.0	30.11116832669169	18.079350278423387	19.538811493218407	32.27020599155374	4.6391011277654846E-4
124.0	29.958476540022705	18.126312187990855	19.632354084695418	32.282546150137634	3.110371533879722E-4
125.0	30.012747022436326	18.39059066417461	19.281005372518045	32.315187725321216	4.692155498033204E-4
126.0	29.704979619319406	18.149582081991532	19.429215088153722	32.71622321053534	0.0
127.0	29.23725527743006	18.91930386507757	19.938944972930372	31.904337628919006	1.582556430005903E-4
128.0	29.465320680211455	18.88128144704159	19.51818355518757	32.13473664097828	4.776765811094835E-4
129.0	28.907278721297924	18.914935811795765	19.893217227492478	32.283607098347154	9.611410666743558E-4
130.0	28.941152570574513	18.96503077079346	20.436579274496115	31.656914923633288	3.224605026191854E-4
131.0	28.858972216860003	18.929423654358075	19.796480834710838	32.41479885733381	3.2443673726950797E-4
132.0	28.296102335725433	18.844968428201092	20.33736442410035	32.52123831974038	3.264922327497829E-4
133.0	28.585278323682324	18.707071636552456	20.669041625313028	32.038279776263124	3.2863818907212294E-4
134.0	28.074562926942225	18.910501331480837	20.108668684563092	32.90610165566748	1.6540134636695944E-4
135.0	28.603875127383656	17.79691215356641	20.689603495474135	32.90894316524241	6.660583333888382E-4
136.0	28.667678971873332	18.78714439427612	20.771195559265106	31.77381347438566	1.6760019977943814E-4
137.0	29.204177473435177	18.974463683351697	20.099830072881353	31.72152877033177	0.0
138.0	29.652491027341764	18.408344699549712	20.683060062880795	31.255594641373936	5.095688537928058E-4
139.0	28.985539461692483	19.033638662660966	21.55281935184916	30.427147578881492	8.549449158990687E-4
140.0	28.96161413087445	19.06074162304701	20.130161850288054	31.846449638448863	0.0010327573416137523
141.0	29.36644132431964	18.24683654012827	19.470792165019933	32.91523660946438	6.933610677760444E-4
142.0	30.54295285494083	18.320185598648163	21.416289458478587	29.72022295578765	3.491321447711351E-4
143.0	30.58225631794338	18.57218698581012	19.973771921189194	30.871081609405543	7.031656517642426E-4
144.0	30.910778397507542	18.104512534029542	19.10755371663688	31.876978229950247	1.771218757915134E-4
145.0	27.872951083343462	18.943141445839977	19.658877268730652	33.52467278095088	3.5742113502655636E-4
146.0	28.052367756724607	19.230406522937642	19.870948553521167	32.845551751153415	7.254156631749993E-4
147.0	27.838863121082348	19.144080731443474	19.76182890505757	33.25393061956344	0.0012966228531630188
148.0	29.293005118018545	19.063319840550335	19.503519479844552	32.1361135010596	0.004042060526969205
149.0	29.5574382124379	21.36581947106961	16.03487724939707	33.03485663636551	0.007008430729907448
150.0	25.788686074231325	25.28058605509057	12.283433967298311	36.637723526306935	0.00957037707285667
