# Position (bp)	A	C	G	T	N
0.0	31.795748494130542	15.787859431736806	26.59118094570069	25.816943348370913	0.008267780061048221
1.0	27.82503523751485	17.072825975349073	20.323878433574116	34.77279303810719	0.005467315454767299
2.0	29.93349591958241	19.240364367238914	18.648314222123364	32.175028403755555	0.002797087299758518
3.0	31.326355431500026	18.268920056436695	19.98489347640204	30.41890017593249	9.30859728747475E-4
4.0	32.205971199617586	17.851722512498092	19.871865518546304	30.06937851456949	0.0010622547685280469
5.0	32.2219614924174	17.9420994229033	19.909372087504458	29.924578380019433	0.0019886171554024763
6.0	28.256639300209418	17.768120239441057	17.715699486117767	36.259276222952344	2.6475127941055776E-4
7.0	27.62652239184675	19.59194083816129	19.368868143950607	33.41227216983127	3.964562100900749E-4
8.0	26.681807151373192	19.252682556262464	19.631326559680943	34.4341837326834	0.0
9.0	30.33068055274014	17.38633102805559	19.835436339847256	32.44728881962233	2.6325973468683937E-4
10.0	28.96890666218247	20.43203291679366	21.20976048092991	29.388248956899176	0.0010509831947787154
11.0	27.166911456147712	20.094287662610157	20.168117918590013	32.57002727654218	6.556861099454469E-4
12.0	28.421933151198512	18.988274689325742	20.382823473660924	32.20670687246941	2.6181334541165567E-4
13.0	29.11107278552129	18.50315924805193	21.047150927914792	31.33861703851199	0.0
14.0	29.08365910255959	18.662957006288423	20.463003181385957	31.790119833508772	2.608762572605123E-4
15.0	29.208130949435496	18.612503743830818	20.82416366075033	31.354941205578633	2.6044040472438895E-4
16.0	29.54653578085639	18.954741967602644	20.737480534808572	30.760981747564735	2.599691676567159E-4
17.0	28.71074712680974	19.860996644970374	20.0725517044459	31.355574735393944	1.2978838004633445E-4
18.0	28.73994985455229	19.248984457502704	20.238547207339117	31.772259331005305	2.591496005856781E-4
19.0	28.315639052197483	18.73289790127963	20.815826738427525	32.13537743053668	2.588775586810706E-4
20.0	28.501798049310533	18.79453082555041	19.77724885519882	32.92642226994024	0.0
21.0	28.67772215996991	18.58237919282233	20.3570223836905	32.382359289315566	5.169742016948999E-4
22.0	29.04444725779823	18.801270143110713	19.736695922675256	32.41668238412786	9.042922879369993E-4
23.0	28.57851086024726	18.286709494840995	19.085993741027256	34.047882174321686	9.037295628014582E-4
24.0	28.919810718143214	18.201667507603922	18.99244963086941	33.88555596706279	5.161763206693775E-4
25.0	30.245920359429014	18.091965620955683	19.10976287956109	32.55170598459111	6.45155463111946E-4
26.0	28.943966184622056	18.53046067775266	18.720517346380536	33.80402357580074	0.0010322154440074733
27.0	29.726971923193517	18.27643367152781	18.865317758757474	33.130502647720895	7.739988003018596E-4
28.0	29.76294587922081	18.021943436188355	18.805803427468764	33.408146365247546	0.0011608918745308061
29.0	29.669313874635794	18.42946651883557	18.77781502204574	33.122502127220685	9.024572622025114E-4
30.0	29.959132388871833	18.214209234944903	19.185331004429905	32.640682365264595	6.45006488765277E-4
31.0	29.887981209751313	18.37611470311149	19.191219172248246	32.543781537548234	9.033773407152167E-4
32.0	29.78325830537541	18.5902750336399	19.041217596574285	32.58447424901018	7.74815400230895E-4
33.0	30.215484202866143	17.806044828883234	19.98790155276332	31.98953536016793	0.0010340553193744482
34.0	30.229761238152754	18.806229559500363	19.49511238476052	31.467603626624737	0.001293190961629731
35.0	29.46010088331129	18.818438508541956	19.287268981616876	32.43367401077158	5.176157582941455E-4
36.0	29.741655564057844	18.194295006998203	19.837481112617354	32.22579145740029	7.768589263032781E-4
37.0	29.48809289407961	18.434769992849517	20.574732893250566	31.50162699358529	7.772262350124874E-4
38.0	30.13635426967326	18.056021762768715	19.550980892776373	32.25560625874003	0.0010368160416177959
39.0	30.107575700578153	18.249083213235455	19.39449914969406	32.24780418705953	0.0010377494328050758
40.0	29.99324701635001	18.25798994844357	19.997013103385584	31.750321416048727	0.0014285157721127748
41.0	30.1806139861794	18.284550531496652	19.662191931440244	31.87160382152526	0.001039729358447996
42.0	30.118980567938074	18.097741749600992	19.70834346842599	32.07324322531384	0.0016909887211052303
43.0	30.45178354793529	18.08761278968661	19.64701318851823	31.81267930501247	9.111688473974415E-4
44.0	30.783757770568155	17.933683337218888	19.02016277655278	32.260572726526796	0.0018233891333822177
45.0	30.37513570859764	17.958629893818205	19.416136974125113	32.24853343481882	0.0015639886402291764
46.0	29.77798006724241	18.263826035697424	19.78186645939242	32.174371200008345	0.0019562376594007653
47.0	29.483853117136682	18.894671998496506	19.621621057247566	31.998679223613184	0.001174603506060954
48.0	29.446018050598116	18.5012098186056	19.701752277228756	32.34984400395086	0.001175849616673025
49.0	29.876546761084903	18.626899783479598	19.826914427371527	31.668985282888613	6.537451753606059E-4
50.0	28.86252699077406	19.04599882222077	19.67231564483413	32.41837335601649	7.851861545508081E-4
51.0	29.618103852491007	18.056832559272618	20.07030724054559	32.25397049924951	7.858484412696167E-4
52.0	28.824815681010165	18.669573470650544	20.521677800966952	31.983539763610242	3.932837621000304E-4
53.0	29.71702074061634	18.8747743303384	19.407984507515323	31.999170795196907	0.001049626333025443
54.0	28.74314241969836	18.613357213951254	20.207572291830257	32.435534149371165	3.939251489693605E-4
55.0	29.02277138340523	19.176372110870055	19.91802880161472	31.88203926680587	7.884373041226072E-4
56.0	29.62127011435291	18.358810856028978	19.512336276993416	32.50718816012038	3.945925043207879E-4
57.0	29.293027701454655	18.128186865342307	20.372503663290605	32.20509687807331	0.0011848918391232854
58.0	29.19033669754148	18.49576541994621	20.375004447396197	31.937707462796705	0.0011859723194060652
59.0	28.630869562350398	18.47149046165208	20.109461856499465	32.786991183704686	0.0011869357933676666
60.0	29.220540903054097	18.38901401236214	20.299838674330736	32.08955026839205	0.0010561418609747661
61.0	29.179639934793215	18.372130841937008	20.92394789274462	31.52269479072879	0.0015865397963676171
62.0	29.078289177672502	18.66990445438425	19.80454172511447	32.445808961702355	0.0014556811264325226
63.0	28.90255584070081	18.07385188551381	20.232358790165623	32.7904385510499	7.949325698447629E-4
64.0	28.54939315446941	18.567178748536104	20.659008648759052	32.22362367221455	7.957760208811629E-4
65.0	28.839126370357782	18.959138905413443	19.700486530126625	32.50084983428231	3.983598198351321E-4
66.0	29.024810086200592	18.412500083076903	20.159374730000064	32.40251756245722	7.975382652213502E-4
67.0	29.32937554384126	19.209604070260962	20.19656784610922	31.26338814100091	0.001064398787649781
68.0	29.42345421344461	18.398932337416536	19.653995277031537	32.52295221490705	6.659572002626536E-4
69.0	29.388131849369888	18.492364986714758	20.087127719740057	32.03130835636465	0.0010670878106559388
70.0	29.81897781363022	18.422486604304787	20.578619241720848	31.17938211521099	5.342251331556144E-4
71.0	29.876795478890212	19.009175146199222	19.644655320207388	31.469240325710334	1.337289928468362E-4
72.0	29.85454540585487	18.247635676612244	19.99086808126604	31.9066830380635	2.677982033418538E-4
73.0	29.4975567105976	18.459440323125694	20.40535538998761	31.63737937767193	2.6819861716792986E-4
74.0	29.576057573124665	19.28817852073382	18.85643380205277	32.27906152261523	2.685814735185382E-4
75.0	29.600111932065847	18.188826166272932	20.033821780473236	32.176971053722006	2.690674659764189E-4
76.0	30.071475544152047	18.837794715337594	19.47223450015632	31.617956209101006	5.390312530320509E-4
77.0	29.711564934328795	18.33314439028077	19.455736041157195	32.4990147969402	5.398372930398778E-4
78.0	29.649324479666774	17.98980295633123	20.032727912040354	32.32773893404379	4.0571791785564554E-4
79.0	29.781835530881335	18.310580759888968	20.11786519777932	31.78931189278279	4.0661866759195E-4
80.0	29.455941028364073	18.331400386227276	19.85892654891533	32.35318881950801	5.432169853086966E-4
81.0	29.39229978697484	18.224472711680992	20.418019342412425	31.964391449047515	8.167098842313739E-4
82.0	29.349808293766788	18.82308331276009	20.51727265659419	31.308880956635242	9.547802436871977E-4
83.0	29.63496007632106	18.318558428529645	19.73577385784929	32.309614212337664	0.001093424962345178
84.0	29.13830351235056	18.440833626725592	20.46489772825347	31.954869192716934	0.0010959399534499505
85.0	29.89021613441039	18.16322831033924	20.393925494192196	31.55180606406851	8.239969896643311E-4
86.0	29.70211430286377	18.11667625752699	19.695038175295227	32.48506992150179	0.0011013428122238038
87.0	30.321693498618714	17.308024182581526	19.739398030988937	32.6297798081795	0.0011044796313246991
88.0	29.583806228373703	18.000553633217994	20.394602076124567	32.01923875432526	0.0017993079584775085
89.0	29.450223996180686	18.351726741313556	19.19469625895846	33.00238152073145	9.7148281585682E-4
90.0	29.87867256624851	17.693595687496607	19.941709384816882	32.48449132808792	0.0015310333500819105
91.0	30.03436982602893	18.47776012597616	19.135840385522794	32.35133165625707	6.980062150473388E-4
92.0	29.72972972972973	17.82364476444957	19.13503435591581	33.30907166942176	0.0025194804831243796
93.0	29.614111746543465	17.716768159550465	19.793288692377573	32.87470812312816	0.00112327840033923
94.0	30.025584306414665	17.949143974733914	19.798057169730825	32.226088107451275	0.001126441669330232
95.0	29.33299799787778	18.289817435277193	19.766894760713193	32.609300754928654	9.890512031807887E-4
96.0	29.375380994910614	18.19929400757028	19.66826861736061	32.756347552417814	7.088277406824594E-4
97.0	30.079598000238878	18.41446698630994	19.55966579646345	31.945131696441265	0.0011375205464648705
98.0	29.47587381708871	18.431944347349692	19.420503653061193	32.67082216347396	8.560190264495611E-4
99.0	29.178753368288124	18.02052042736095	19.89258704572854	32.90742326316604	7.158954563547176E-4
100.0	29.22660022788044	18.74999101984399	19.89284159435845	32.129848745436284	7.184124808363471E-4
101.0	29.31066053228409	18.61480412412753	19.664291059247926	32.40952338384923	7.209004912215947E-4
102.0	28.89890800913875	18.78551285371779	19.31682204180732	32.9981783271574	5.787681787467644E-4
103.0	29.785803783896007	18.57741654942716	19.56266397197286	32.07382531821633	2.903764876350432E-4
104.0	29.487102889809524	18.90696972920513	19.138521710366213	32.46609417418713	0.0013114964320010958
105.0	29.436063060770152	18.711841300767343	19.53783909498609	32.31352518364445	7.31359831962765E-4
106.0	30.132058989774418	18.70539614026588	19.000785453691265	32.161025347398095	7.340688703414154E-4
107.0	29.951031406527772	18.409066117919675	19.06664858474574	32.572959076878625	2.948139281892234E-4
108.0	28.833201590388985	18.77011300288058	19.657231503438638	32.73915785173146	2.960515603397488E-4
109.0	29.841014581713925	18.12421878367312	19.53958583830364	32.49503217013535	1.4862617396099156E-4
110.0	29.060348107640316	18.361969277598313	19.233805086579277	33.3438775281821	0.0
111.0	29.286409876099302	17.868668254753022	19.651220279563127	33.193401950649466	2.996389350832247E-4
112.0	28.91963615071176	18.130899643406025	20.12701308514754	32.822300595627844	1.5052510683519457E-4
113.0	29.009051771051265	18.321068798297276	19.279304882030694	33.39057454862077	0.0
114.0	28.602984376731637	17.510479021462068	20.345925364773183	33.540459422162236	1.5181487087386156E-4
115.0	29.212218796600403	18.106037734698297	20.489386163130753	32.19235730557055	0.0
116.0	28.475218158643006	18.650878762623787	20.47918300813805	32.394260466712424	4.596038827336013E-4
117.0	28.352827801091774	18.163722740329995	20.680710483292437	32.802585031081335	1.5394420446253462E-4
118.0	28.809499880169152	18.151203333616806	21.092238826740058	31.946748718583056	3.0924089092300677E-4
119.0	28.89813600512148	18.52993641658017	20.114083447800063	32.4575333610954	3.107694028876693E-4
120.0	29.38767416733804	18.273440378718327	20.39826628944722	31.940619164496404	0.0
121.0	29.86556651869049	18.296914461403315	20.07858946807009	31.758302091013192	6.274608229148692E-4
122.0	30.132417960151624	18.088186135691355	19.654243744914883	32.12452144735764	6.307118845040397E-4
123.0	30.227077502401052	18.03861965786229	19.60635462000019	32.127314279193754	6.339405427164986E-4
124.0	30.037681136329237	17.846200419033355	19.749057971591768	32.366263831685615	7.966413600261298E-4
125.0	30.04705437679377	18.209787566625664	19.11788258507585	32.62495515580156	3.2031570315703157E-4
126.0	29.873876658649124	18.093885738756928	19.29619504844334	32.735720564512235	3.219896383734372E-4
127.0	29.417667107950557	18.750950810333165	19.98579044302097	31.845106118525184	4.855201701262676E-4
128.0	29.47221282024578	18.843893199333472	19.54036268485732	32.14271766298688	8.136325765465528E-4
129.0	28.852237928997088	18.776933790952047	19.98301115077358	32.386507776735755	0.0013093525415351177
130.0	28.922386324527356	18.80657426512119	20.49542465794028	31.775120743910932	4.940085002395941E-4
131.0	28.81224568882	19.01026270334544	19.79242742660685	32.38473296601566	3.3121521205225915E-4
132.0	28.366518731758028	18.753581757360095	20.57261471619154	32.307118201324755	1.665933655858089E-4
133.0	28.615657456266803	18.58853583473579	20.599357663450512	32.19594617246535	5.028730815391939E-4
134.0	28.119813243013482	18.963120892763165	20.115002631330373	32.801725882845076	3.373500479037068E-4
135.0	28.813467254452956	17.783647341806102	20.694683272704435	32.7073533830247	8.487480118077823E-4
136.0	28.809754830950883	18.714126602345097	20.79222128078279	31.68338480881187	5.124771093557821E-4
137.0	29.292220841262388	19.040914802800653	19.9703981805711	31.69612236793927	3.438074265842217E-4
138.0	29.74036355331319	18.41505150857669	20.46051470511902	31.384070232991096	0.0
139.0	29.138663401771893	19.001060626379118	21.466102624745513	30.394173347103482	0.0
140.0	29.0350975633706	19.072201102585325	19.939645377137484	31.952880609367767	1.7534753882194508E-4
141.0	29.56977764284113	18.1887343981953	19.424875688632902	32.81661227033067	0.0
142.0	30.674274301310668	18.262943166633498	21.36813038410144	29.694652147954397	0.0
143.0	30.689734131428022	18.29380427121385	19.910983581336605	31.104941341471704	5.366745498194985E-4
144.0	30.83762199253269	18.125351381741122	19.14291686488201	31.893569173550144	5.405872940362409E-4
145.0	28.07547636318682	18.814368797188635	19.589385022897794	33.51986081341253	9.090033142260837E-4
146.0	28.053527666471815	19.151058733281825	19.836289574570486	32.95801762496335	0.001106400712522059
147.0	27.97956429172463	18.814932222948006	19.944769373544645	33.25885167734321	0.0018824344395145579
148.0	29.569968138548447	18.797670009187044	19.50194491682793	32.12807130710139	0.0023456283351902894
149.0	29.761025961839227	21.167344385361275	16.110103221770412	32.95714732561777	0.004379105411323116
150.0	24.849362417674808	25.18829697790649	12.9384838152179	37.01947778971461	0.004378999486197394
