# Position (bp)	A	C	G	T	N
0.0	30.186799501867995	18.655043586550434	19.028642590286427	32.12951432129515	0.0
1.0	23.337484433374843	24.35865504358655	24.60772104607721	27.696139476961395	0.0
2.0	30.20781791192479	19.322117763483423	19.0004948045522	31.469569520039585	0.0
3.0	31.314878892733567	20.266930301532376	18.932278793870488	29.48591201186357	0.0
4.0	28.945418621881945	19.313410718695977	20.301308965176588	31.43986169424549	0.0
5.0	30.501358360088908	19.56038528031613	18.202025191405287	31.736231168189676	0.0
6.0	31.234567901234566	18.592592592592595	20.02469135802469	30.148148148148145	0.0
7.0	29.893853369538387	20.735620834361885	19.451987163663294	29.918538632436437	0.0
8.0	30.725567620927936	20.06416584402764	19.397828232971374	29.81243830207305	0.0
9.0	28.39871699975327	20.824080927707872	16.72834937083642	34.048852701702444	0.0
10.0	27.461139896373055	18.060695780903036	20.676042437700467	33.80212188502344	0.0
11.0	25.9990133201776	19.141588554514062	20.942279230389737	33.917118894918595	0.0
12.0	26.640355204736068	20.05426739023187	18.57424765663542	34.73112974839665	0.0
13.0	29.921065614208192	19.881598421312287	19.289590527873703	30.907745436605822	0.0
14.0	28.12037493833251	19.240256536753826	21.31228416378885	31.32708436112481	0.0
15.0	26.34951934927286	20.976090707419274	21.54301207789007	31.131377865417797	0.0
16.0	26.94108947498151	20.409169336948484	21.81414838550653	30.835592802563472	0.0
17.0	28.90586495810744	19.443075406604237	20.00985707244948	31.64120256283884	0.0
18.0	28.24051256776737	21.11877772301626	19.788072942336125	30.852636766880238	0.0
19.0	26.61409561360276	21.93198620009857	21.61163134549039	29.84228684080828	0.0
20.0	26.182266009852217	20.985221674876847	20.418719211822662	32.41379310344827	0.0
21.0	25.54187192118227	20.788177339901477	20.911330049261085	32.758620689655174	0.0
22.0	28.268899285890175	20.364442255602068	20.044324058113766	31.32233440039399	0.0
23.0	27.073590942653215	21.90499630814669	18.410041841004183	32.611370908195916	0.0
24.0	28.64878168840758	18.410041841004183	16.88407580605464	36.0571006645336	0.0
25.0	27.787349249323164	20.231356140782673	17.327098203298057	34.654196406596114	0.0
26.0	30.856299212598426	17.98720472440945	17.519685039370078	33.63681102362205	0.0
27.0	27.632874015748033	20.447834645669293	17.593503937007874	34.3257874015748	0.0
28.0	30.01968503937008	19.19291338582677	16.215551181102363	34.571850393700785	0.0
29.0	28.750614854894245	17.609444171175603	17.240531234628627	36.399409739301525	0.0
30.0	30.494708343588485	17.548609401919762	18.582328328821067	33.37435392567068	0.0
31.0	30.545275104860597	16.703676289168516	18.060695780903036	34.69035282506785	0.0
32.0	28.546755489760674	19.294349864298052	19.146311374290647	33.012583271650634	0.0
33.0	27.227844976548997	20.414712416687237	19.032337694396446	33.325104912367316	0.0
34.0	31.449024932115528	16.11947667242656	20.735620834361885	31.695877561096026	0.0
35.0	31.22685756603308	19.205134534682795	18.68674401382375	30.88126388546038	0.0
36.0	30.436929153295484	17.082201925450505	17.106887188348555	35.373981732905456	0.0
37.0	30.571357902547614	19.09473163492456	19.91095720999258	30.422953252535244	0.0
38.0	29.945598417408508	19.90603363006924	18.273986152324433	31.874381800197828	0.0
39.0	31.0660400692555	18.9215928765768	16.472916151372743	33.539450902794954	0.0
40.0	28.681019549616433	17.569908438505323	20.044543429844097	33.70452858203415	0.0
41.0	27.77089015621126	16.9104884701215	22.712620877758493	32.60600049590875	0.0
42.0	33.30029732408325	16.15460852329039	19.722497522299307	30.822596630327055	0.0
43.0	30.324820233077116	17.95189685097942	19.166873295313664	32.55640962062981	0.0
44.0	30.496277915632753	19.826302729528535	17.295285359801486	32.38213399503722	0.0
45.0	33.09172706823294	16.99575106223444	17.87053236690827	32.04198950262435	0.0
46.0	30.675	15.725	20.0	33.6	0.0
47.0	32.00800200050013	16.379094773693424	19.72993248312078	31.882970742685675	0.0
48.0	29.48974487243622	18.75937968984492	20.31015507753877	31.44072036018009	0.0
49.0	29.071803852889666	19.11433575181386	18.764073054791094	33.049787340505375	0.0
50.0	30.522892169126848	18.714035526644984	19.564673505128845	31.198398799099326	0.0
51.0	29.061326658322905	18.3729662077597	18.623279098873592	33.942428035043804	0.0
52.0	27.805611222444888	17.710420841683366	23.12124248496994	31.362725450901802	0.0
53.0	30.185370741482963	19.438877755511022	18.962925851703407	31.412825651302605	0.0
54.0	30.811623246492985	20.34068136272545	18.361723446893787	30.485971943887773	0.0
55.0	30.14282134803307	17.263843648208468	18.767226259082936	33.82610874467552	0.0
56.0	27.261338010523676	18.94262089701829	20.395890754196945	33.400150338261085	0.0
57.0	29.924812030075188	17.869674185463662	20.0	32.205513784461154	0.0
58.0	28.754073702682376	20.080220606668338	18.826773627475557	32.33893206317372	0.0
59.0	28.109327983951854	19.45837512537613	20.23570712136409	32.19658976930793	0.0
60.0	30.740276035131743	17.390213299874528	19.949811794228356	31.919698870765373	0.0
61.0	28.23086574654956	17.917189460476788	22.434127979924718	31.417816813048933	0.0
62.0	28.847602309816722	21.03941752447904	20.537283454682402	29.57569671102184	0.0
63.0	30.429324629676124	19.884509163946774	19.23173487321115	30.454431333165953	0.0
64.0	28.133634765134392	19.341873901029892	20.195930670685758	32.328560663149965	0.0
65.0	30.193418739010298	18.939964832956544	19.794021602612407	31.072594825420747	0.0
66.0	28.34170854271357	19.246231155778894	20.502512562814072	31.909547738693465	0.0
67.0	29.296482412060303	20.552763819095475	18.341708542713565	31.809045226130657	0.0
68.0	27.763819095477388	20.100502512562816	19.849246231155778	32.28643216080402	0.0
69.0	29.354109072631314	20.532797185222417	19.351595878361397	30.76149786378487	0.0
70.0	28.330819507290094	20.613373554550023	18.85369532428356	32.20211161387632	0.0
71.0	28.198039708469462	22.040713747172656	20.28147775823071	29.47976878612717	0.0
72.0	28.265794110244148	19.884218474704255	20.891014346841178	30.958973068210422	0.0
73.0	30.002516989680345	16.486282406242132	22.552227535867104	30.958973068210422	0.0
74.0	29.1866028708134	18.307731050113322	21.354822462855704	31.15084361621758	0.0
75.0	30.017627801561318	19.869050616973055	21.556283052127927	28.557038529337696	0.0
76.0	31.15084361621758	20.196424074540417	19.138755980861244	29.51397632838076	0.0
77.0	32.19229801157815	19.15429146740498	18.701233324943367	29.9521771960735	0.0
78.0	29.977347092876922	16.61213189025925	21.595771457337026	31.814749559526806	0.0
79.0	29.305135951661633	20.619335347432024	17.623363544813696	32.45216515609265	0.0
80.0	31.15084361621758	18.257365902795268	19.91941576429111	30.672374716696044	0.0
81.0	29.150919627110106	17.48551272360796	19.65230536659108	33.71126228269085	0.0
82.0	31.82161753590325	16.477702191987905	21.97026958931721	29.730410682791636	0.0
83.0	32.006048387096776	15.700604838709678	21.295362903225808	30.997983870967744	0.0
84.0	30.59475806451613	16.129032258064516	20.110887096774192	33.16532258064516	0.0
85.0	29.284274193548388	17.288306451612904	20.665322580645164	32.76209677419355	0.0
86.0	29.889112903225808	20.035282258064516	19.884072580645164	30.19153225806452	0.0
87.0	32.30846774193548	16.607862903225808	19.027217741935484	32.056451612903224	0.0
88.0	31.52721774193548	17.89314516129032	18.951612903225808	31.628024193548388	0.0
89.0	31.19959677419355	16.557459677419356	18.57358870967742	33.66935483870967	0.0
90.0	30.040322580645164	16.305443548387096	20.035282258064516	33.618951612903224	0.0
91.0	29.914314516129032	18.850806451612904	17.43951612903226	33.79536290322581	0.0
92.0	30.16633064516129	18.296370967741936	17.489919354838708	34.047379032258064	0.0
93.0	31.325604838709676	16.532258064516128	19.682459677419356	32.45967741935484	0.0
94.0	30.73822121441169	16.88082640463593	18.89644746787604	33.48450491307634	0.0
95.0	31.342907533383723	16.276140085663897	19.62711010330058	32.7538422776518	0.0
96.0	29.680020156210634	17.132779037540942	19.576719576719576	33.61048122952885	0.0
97.0	29.30209120685311	17.863441672965482	19.349962207105065	33.48450491307634	0.0
98.0	31.30040322580645	19.657258064516128	18.271169354838708	30.77116935483871	0.0
99.0	28.452620967741936	19.858870967741936	18.397177419354836	33.29133064516129	0.0
100.0	31.93849256365011	17.897655659188302	19.964708847995965	30.199142929165617	0.0
101.0	29.94706327199395	19.91429291656163	20.872195613813965	29.266448197630453	0.0
102.0	29.558638083228246	19.596469104665825	18.738965952080704	32.10592686002522	0.0
103.0	28.805857106791215	19.616258520575613	21.711688967432465	29.866195405200706	0.0
104.0	29.401363980803236	17.858044960848698	19.75246274311695	32.988128315231116	0.0
105.0	28.85295603840323	19.909044972208186	18.266801414855987	32.97119757453259	0.0
106.0	31.45385587863464	19.898862199747157	19.241466498103666	29.405815423514536	0.0
107.0	30.827638572513287	20.931409769678563	18.85598582637307	29.38496583143508	0.0
108.0	33.679412509496075	17.650037984299825	18.586984046594075	30.08356545961003	0.0
109.0	28.40476794319046	19.528277960943445	18.76743596246513	33.299518133400966	0.0
110.0	26.40791476407915	19.7869101978691	19.48249619482496	34.32267884322679	0.0
111.0	31.191262382524766	18.92303784607569	18.770637541275082	31.11506223012446	0.0
112.0	28.614993646759846	18.703939008894537	19.593392630241425	33.087674714104196	0.0
113.0	29.316043732519702	17.56928553267226	20.9255021612001	32.18916857360794	0.0
114.0	32.08746503941012	16.45054665649631	18.84057971014493	32.621408593948644	0.0
115.0	26.609005342152127	19.358941745103028	17.67997964894429	36.35207326380056	0.0
116.0	29.407275502416685	18.87560417196642	17.603663190027984	34.11345713558891	0.0
117.0	31.043256997455472	18.676844783715012	17.353689567430024	32.92620865139949	0.0
118.0	30.69483329091372	16.721812165945533	20.71773988292186	31.86561466021888	0.0
119.0	24.026469839653856	20.94680580300331	22.957495545940443	32.0692288114024	0.0
120.0	27.83295136236313	20.06620830150242	20.677361853832444	31.423478482302013	0.0
121.0	30.369426751592353	18.751592356687897	20.484076433121018	30.394904458598727	0.0
122.0	29.91583779648049	18.337158888038765	19.17878092323387	32.568222392246874	0.0
123.0	31.62327718223584	16.564573762123533	19.49974476773864	32.31240428790199	0.0
124.0	33.12053115423902	17.31358529111338	19.101123595505616	30.46475995914198	0.0
125.0	32.295123819249426	18.355884605565485	17.79423027827419	31.5547612969109	0.0
126.0	31.44316730523627	18.05874840357599	20.229885057471265	30.268199233716476	0.0
127.0	29.22841083290751	19.80071538068472	19.161982626469083	31.80889115993868	0.0
128.0	31.63682864450128	17.28900255754476	19.053708439897697	32.02046035805627	0.0
129.0	31.60993089326849	19.29869465062708	20.348093166112108	28.74328128999232	0.0
130.0	31.378073770491806	18.75	16.982581967213115	32.88934426229508	0.0
131.0	30.061506919528448	18.759610456176322	20.220399794976935	30.958482829318296	0.0
132.0	28.153846153846153	18.358974358974358	21.17948717948718	32.30769230769231	0.0
133.0	26.58974358974359	19.974358974358974	19.666666666666664	33.76923076923077	0.0
134.0	26.808619805028222	20.574653668547974	22.575679835813236	30.041046690610568	0.0
135.0	29.047985629971773	18.321785989222477	20.99050551706441	31.639722863741337	0.0
136.0	27.702182284980744	17.997432605905004	19.614890885750963	34.68549422336329	0.0
137.0	28.685156651258346	16.974833076527993	19.876733436055467	34.463276836158194	0.0
138.0	27.95477903391572	18.67934224049332	19.321685508735868	34.04419321685509	0.0
139.0	30.102827763496144	18.32904884318766	20.205655526992288	31.362467866323907	0.0
140.0	27.899202879917716	18.23090768835176	21.805091283106197	32.06479814862433	0.0
141.0	28.729423868312757	18.184156378600825	21.167695473251026	31.91872427983539	0.0
142.0	29.938271604938272	18.492798353909464	19.393004115226336	32.175925925925924	0.0
143.0	32.72446616928222	17.931566760998198	20.015436068947775	29.3285310007718	0.0
144.0	30.21879021879022	19.382239382239383	18.326898326898327	32.072072072072075	0.0
145.0	31.41091658084449	17.481977342945417	18.486096807415038	32.621009268795056	0.0
146.0	29.528472043287813	18.320020613244008	18.654985828394743	33.49652151507343	0.0
147.0	29.839544513457554	18.84057971014493	19.17701863354037	32.142857142857146	0.0
148.0	29.984464008285862	18.643190056965302	19.419989642672192	31.952356292076644	0.0
149.0	29.914529914529915	19.37321937321937	18.803418803418804	31.908831908831907	0.0
150.0	28.83865939204988	17.017407118732137	20.706677058976357	33.43725643024162	0.0
151.0	29.76345204055108	18.819859630881204	19.96360800623863	31.453080322329086	0.0
152.0	28.114434330299087	19.9739921976593	18.69960988296489	33.21196358907672	0.0
153.0	31.57209786569495	17.542946382092662	18.089536699635605	32.79541905257678	0.0
154.0	30.742977159359413	16.40850616959832	20.00525072197427	32.843265949068	0.0
155.0	28.931478078235756	19.480178524547124	19.768968233132057	31.819375164085063	0.0
156.0	31.869576650013148	15.829608204049434	19.800157770181436	32.50065737575598	0.0
157.0	31.31578947368421	19.5	20.736842105263158	28.447368421052634	0.0
158.0	31.7715188207423	18.16267438799684	20.34745985785733	29.718346933403527	0.0
159.0	30.854430379746834	15.611814345991561	21.492616033755276	32.041139240506325	0.0
160.0	27.275125296755476	18.069111052492744	23.39752044315484	31.25824320759694	0.0
161.0	27.960960168820893	17.80532840939066	23.133737800052756	31.09997362173569	0.0
162.0	29.410201912858664	17.906482465462272	22.502656748140275	30.18065887353879	0.0
163.0	28.442317916002125	15.151515151515152	22.22222222222222	34.1839447102605	0.0
164.0	30.631831511596907	17.781924820047987	23.24713409757398	28.339109570781122	0.0
165.0	32.515337423312886	17.844758602293943	20.672179247799413	28.967724726593758	0.0
166.0	29.708789740849582	18.00694629975955	21.453379641998396	30.830884317392464	0.0
167.0	28.433734939759038	17.45649263721553	21.954484605087014	32.15528781793842	0.0
168.0	28.44134975897161	18.639528655597214	19.710765934654525	33.20835565077665	0.0
169.0	26.480836236933797	18.359689091396408	19.967837041007773	35.19163763066202	0.0
170.0	28.203753351206434	17.07774798927614	20.482573726541556	34.23592493297587	0.0
171.0	28.391420911528147	18.096514745308312	18.33780160857909	35.17426273458445	0.0
172.0	27.916331456154463	20.622150710646288	18.476803432555645	32.984714400643604	0.0
173.0	26.42876308022538	17.708612825328682	19.881942581164473	35.98068151328146	0.0
174.0	29.195898542903397	19.3200215866163	17.539125742039936	33.94495412844037	0.0
175.0	26.43802322441264	18.282473669997298	22.00918174453146	33.2703213610586	0.0
176.0	29.084526059951394	16.959222252227924	18.660545503645693	35.29570618417499	0.0
177.0	28.2279848730416	19.63803349540789	19.20583468395462	32.92814694759589	0.0
178.0	31.486486486486488	17.2972972972973	19.432432432432435	31.783783783783782	0.0
179.0	26.83982683982684	19.37229437229437	22.15909090909091	31.62878787878788	0.0
180.0	29.978354978354975	17.559523809523807	17.66774891774892	34.794372294372295	0.0
181.0	28.583061889250814	19.435396308360477	18.838219326818674	33.14332247557003	0.0
182.0	32.473527016019545	17.377138202552267	20.60819983708933	29.541134944338854	0.0
183.0	31.77493884207665	22.179940201141616	17.586300625169883	28.45882033161185	0.0
184.0	32.74408485178134	20.805004079412566	18.30296437313027	28.147946695675824	0.0
185.0	31.69071603593793	20.58263000272257	20.80043561121699	26.926218350122515	0.0
186.0	32.75156803926916	18.73466048541042	19.60730842650668	28.906463048813748	0.0
187.0	31.191652937946184	20.922570016474467	19.41241076331686	28.47336628226249	0.0
188.0	32.966730822106136	18.641737695903217	19.1091558977179	29.282375584272753	0.0
189.0	33.07671157547429	18.366785812482817	17.15699752543305	31.399505086609842	0.0
190.0	34.57095709570957	16.74917491749175	17.574257425742573	31.105610561056107	0.0
191.0	29.746835443037973	18.822234452394056	19.124931205283435	32.30599889928453	0.0
192.0	33.397577092511014	17.400881057268723	18.612334801762113	30.58920704845815	0.0
193.0	29.933481152993345	17.211751662971174	21.147450110864746	31.70731707317073	0.0
194.0	30.122154358689617	18.628539700166574	20.266518600777346	30.982787340366464	0.0
195.0	30.10005558643691	18.927181767648694	19.232907170650364	31.739855475264033	0.0
196.0	30.23643949930459	19.054242002781642	19.610570236439496	31.098748261474267	0.0
197.0	30.949067631505706	18.758697467297523	19.565822432507655	30.72641246868912	0.0
198.0	31.021999443052074	19.0197716513506	18.128654970760234	31.82957393483709	0.0
199.0	30.01949317738791	18.295739348370926	19.632414369256473	32.05235310498468	0.0
200.0	29.192200557103064	18.997214484679667	21.08635097493036	30.724233983286908	0.0
201.0	31.595092024539877	15.002788622420523	19.436698271054098	33.9654210819855	0.0
202.0	30.981595092024538	16.899051868377022	19.715560513106524	32.40379252649191	0.0
203.0	31.529017857142854	16.378348214285715	20.5078125	31.58482142857143	0.0
204.0	28.579402735138153	18.587775607033212	20.90427016466648	31.928551493162153	0.0
205.0	31.721632196757966	15.958636109558414	21.79988820570151	30.51984348798211	0.0
206.0	29.206260480715486	18.474007825600893	20.234768026830633	32.08496366685299	0.0
207.0	29.61097117268402	18.052057094878254	19.98320738874895	32.35376434368878	0.0
208.0	27.872998033155383	17.673503793200336	21.691486372576566	32.762011801067715	0.0
209.0	29.949381327334084	16.92913385826772	20.106861642294714	33.014623172103484	0.0
210.0	30.247608328643782	18.176702307259426	19.724254361283062	31.851435002813734	0.0
211.0	28.732394366197184	16.281690140845072	22.47887323943662	32.50704225352113	0.0
212.0	28.434414668547248	17.545839210155147	22.39774330042313	31.622002820874474	0.0
213.0	30.801806888763412	18.435911914172785	18.88763410502541	31.874647092038394	0.0
214.0	29.61288499576151	19.723085617406046	20.062164453235376	30.60186493359706	0.0
215.0	30.795358052646478	19.61505802434192	20.435890178318708	29.153693744692895	0.0
216.0	34.90084985835694	17.620396600566572	18.441926345609065	29.036827195467424	0.0
217.0	29.3734051601928	18.911256024950383	20.55571307059824	31.15962574425858	0.0
218.0	27.46099290780142	17.843971631205672	20.56737588652482	34.12765957446808	0.0
219.0	27.646891853533923	19.07465228498439	23.27561737155833	30.002838489923363	0.0
220.0	29.81260647359455	20.15900056785917	20.67007382169222	29.35831913685406	0.0
221.0	30.07668276057938	20.278330019880716	18.602669696109057	31.042317523430846	0.0
222.0	31.059960215970445	19.124751349815288	18.30065359477124	31.514634839443023	0.0
223.0	32.93515358361775	17.918088737201366	18.543799772468713	30.602957906712174	0.0
224.0	34.91747296528173	15.110984632896985	20.06260671599317	29.908935685828116	0.0
225.0	34.35985172512119	18.420302252637583	19.560878243512974	27.658967778728254	0.0
226.0	32.2681883024251	18.573466476462198	19.315263908701855	29.843081312410842	0.0
227.0	31.781838949171902	16.876070816676187	18.50371216447744	32.83837806967448	0.0
228.0	29.845626072041163	17.953116066323613	18.582046883933675	33.61921097770154	0.0
229.0	32.2737686139748	19.587628865979383	17.38258877434135	30.756013745704468	0.0
230.0	29.197922677437973	22.87939988459319	16.64743219849971	31.27524523946913	0.0
231.0	31.231925968768078	19.78021978021978	18.218623481781375	30.76923076923077	0.0
232.0	29.774305555555557	16.89814814814815	18.31597222222222	35.011574074074076	0.0
233.0	28.65021770682148	18.896952104499274	20.203193033381712	32.249637155297535	0.0
234.0	26.548415236987495	20.005815644082585	21.692352428031406	31.75341669089852	0.0
235.0	26.22998544395924	18.224163027656477	21.572052401746724	33.97379912663755	0.0
236.0	28.23803967327888	16.802800466744458	22.987164527421236	31.971995332555426	0.0
237.0	27.59128386336867	18.727915194346288	20.55359246171967	33.12720848056537	0.0
238.0	29.97050147492625	16.283185840707965	21.533923303834808	32.21238938053098	0.0
239.0	26.956008266902863	17.0947741364039	19.98819013876587	35.96102745792737	0.0
240.0	27.226990233796982	16.099437703462563	21.485646641018054	35.187925421722404	0.0
241.0	26.502082093991667	17.19214753123141	22.843545508625816	33.462224866151104	0.0
242.0	28.477807566279417	15.758117366696457	22.281799225498958	33.48227584152517	0.0
243.0	26.614598978672273	16.611595073595677	22.49924902373085	34.2745569240012	0.0
244.0	27.472197174631802	16.38112413585813	21.46077547339946	34.68590321611061	0.0
245.0	27.08396027685826	17.87541378272645	22.02828769184472	33.012338248570565	0.0
246.0	28.278564968344888	15.345191438046427	19.53572505275852	36.84051854085016	0.0
247.0	27.031108426457262	16.943521594684384	24.25249169435216	31.77287828450619	0.0
248.0	26.287098728043613	18.201090248334342	22.16838279830406	33.343428225317986	0.0
249.0	27.336165048543688	19.447815533980584	19.569174757281555	33.646844660194176	0.0
250.0	27.441435959841805	18.40584119257682	20.870094310921814	33.28262853665957	0.0
251.0	27.22289890377588	17.935444579780754	21.43727161997564	33.40438489646772	0.0
252.0	28.96910370143775	18.93545426736005	20.434383603548486	31.661058427653714	0.0
253.0	30.962599632127528	16.15573267933783	20.018393623543837	32.863274064990804	0.0
254.0	30.036855036855037	16.953316953316953	20.3009828009828	32.70884520884521	0.0
255.0	28.580227902679393	19.00215583615645	19.00215583615645	33.4154604250077	0.0
256.0	28.02865151043289	19.21519775770788	19.49548427281221	33.26066645904703	0.0
257.0	30.358814352574104	17.97191887675507	18.127925117004683	33.541341653666144	0.0
258.0	29.881101376720903	19.74342928660826	17.02127659574468	33.35419274092616	0.0
259.0	30.612244897959183	17.676609105180532	18.430141287284144	33.28100470957614	0.0
260.0	30.20472440944882	18.740157480314963	17.637795275590552	33.41732283464567	0.0
261.0	30.968967701076632	18.239392020265992	18.619379354021532	32.17226092463585	0.0
262.0	30.644649094950775	17.24356938710702	20.514449031438552	31.597332486503653	0.0
263.0	31.66931637519873	19.777424483306834	17.51987281399046	31.033386327503976	0.0
264.0	30.462519936204146	19.808612440191386	19.138755980861244	30.590111642743224	0.0
265.0	30.182050463110826	18.77994251038007	18.939635899073778	32.09837112743533	0.0
266.0	32.11655459494076	19.020172910662826	19.62856227985911	29.2347102145373	0.0
267.0	31.49100257069409	18.637532133676093	19.055269922879177	30.81619537275064	0.0
268.0	31.809401159047006	17.45009658725048	21.6677398583387	29.07276239536381	0.0
269.0	31.859264041316983	20.335700451904454	19.62556488056811	28.179470626210456	0.0
270.0	33.08270676691729	20.235371036286367	15.593331153971887	31.088591042824454	0.0
271.0	33.35515548281506	18.428805237315878	17.643207855973813	30.572831423895252	0.0
272.0	31.167979002624673	17.48687664041995	18.11023622047244	33.234908136482936	0.0
273.0	31.43515470704411	17.544437129690586	18.597761685319288	32.42264647794602	0.0
274.0	31.322123310253875	19.881305637982198	19.55159907682163	29.244971974942302	0.0
275.0	29.59656084656085	19.113756613756614	21.064814814814813	30.224867724867728	0.0
276.0	32.854757929883135	18.697829716193656	18.898163606010016	29.549248747913186	0.0
277.0	29.03225806451613	20.262096774193548	20.698924731182796	30.006720430107524	0.0
278.0	28.26819407008086	19.946091644204852	21.96765498652291	29.818059299191376	0.0
279.0	31.85661143050389	20.0879269529929	18.4308420696652	29.62461954683801	0.0
280.0	28.682959945689067	20.604209097080787	20.875763747454176	29.83706720977597	0.0
281.0	29.227628445049337	16.67233752977203	22.694794147669274	31.405239877509356	0.0
282.0	29.048755540402322	18.752130923968632	23.45721104670985	28.741902488919198	0.0
283.0	29.555632104719255	19.634860489149155	21.288322425077506	29.521184981054084	0.0
284.0	26.321279554937416	21.696801112656466	21.801112656467318	30.180806675938804	0.0
285.0	27.393431167016075	19.566736547868622	22.78127183787561	30.25856044723969	0.0
286.0	27.775819527670077	17.97673598872048	23.475502291152626	30.77194219245682	0.0
287.0	26.16525423728814	20.798022598870055	23.057909604519775	29.97881355932203	0.0
288.0	24.54706927175844	19.857904085257548	21.989342806394315	33.6056838365897	0.0
289.0	27.56158514816137	19.06461977865048	21.70653338093538	31.66726169225277	0.0
290.0	30.01432664756447	16.01002865329513	22.77936962750716	31.196275071633238	0.0
291.0	29.733621310295177	16.162706983441325	22.534197264218864	31.569474442044637	0.0
292.0	27.7335264301231	17.776973207820422	23.859522085445327	30.62997827661115	0.0
293.0	29.20611798980335	16.933721777130373	22.86962855061908	30.990531682447198	0.0
294.0	30.859232175502743	19.63436928702011	19.049360146252287	30.45703839122486	0.0
295.0	30.61074319352465	18.543046357615893	21.08167770419426	29.764532744665196	0.0
296.0	31.056129985228953	17.688330871491875	22.378138847858196	28.877400295420973	0.0
297.0	30.780669144981417	17.732342007434944	22.41635687732342	29.070631970260223	0.0
298.0	28.668941979522184	20.25028441410694	21.61547212741752	29.465301478953354	0.0
299.0	29.146537842190018	17.713365539452496	22.946859903381643	30.193236714975846	0.0
300.0	32.26037195994277	6.723891273247497	22.96137339055794	38.054363376251786	0.0
