# Position (bp)	A	C	G	T	N
0.0	28.52038267952511	24.053867137972105	18.762246897452645	28.66350328505014	0.0
1.0	26.90859492065932	21.233718830445305	14.191032389441732	37.66665385945364	0.0
2.0	27.872031953605823	19.943159451181458	18.663286958358537	33.52152163685418	0.0
3.0	23.635264309570424	22.9461783561749	15.413259626089292	38.00529770816538	0.0
4.0	33.33205403745778	13.990059871046975	15.323725821307951	37.354160270187286	0.0
5.0	35.509742035130806	15.919185717437811	22.528995865271156	26.04207638216023	0.0
6.0	32.141384106277876	17.93870797563666	20.576471152462712	29.343436765622755	0.0
7.0	34.30941876079034	17.52925378860541	20.312679838864376	27.848647611739878	0.0
8.0	24.53412872720995	25.406888085396144	21.283819425129717	28.77516376226419	0.0
9.0	29.643518207712745	17.97274357671024	15.980780481255216	36.4029577343218	0.0
10.0	27.72093023255814	17.314792615679693	24.233037640853514	30.731239510908654	0.0
11.0	28.5249894518814	19.183192052472094	18.57427793333589	33.71754056231061	0.0
12.0	26.997612358203803	19.58249829796619	21.062069097778245	32.35782024605176	0.0
13.0	26.516386369302165	21.328168446890523	18.379772566015305	33.77567261779201	0.0
14.0	31.142684575340102	18.07740611847719	19.637224730842608	31.142684575340102	0.0
15.0	30.723157128071456	17.950511749147086	19.607467320887796	31.718863801893665	0.0
16.0	30.891356628884054	16.76743094213799	18.647299485479405	33.693912943498546	0.0
17.0	29.72900481833073	18.15160020307875	19.31930301840162	32.8000919601889	0.0
18.0	31.43073342209366	17.819752684361262	19.285255888353557	31.46425800519152	0.0
19.0	29.78154898148769	18.906882978825287	19.168334658149536	32.14323338153749	0.0
20.0	30.44877011901456	18.066659645158513	19.14669526335443	32.3378749724725	0.0
21.0	30.285216425555543	17.433722366367633	19.060384692714965	33.22067651536186	0.0
22.0	29.650762043348394	18.02002757141763	19.634104311863368	32.6951060733706	0.0
23.0	29.76949438094691	17.661248635919822	19.40344226829782	33.16581471483545	0.0
24.0	31.016165618629227	17.794622945798757	19.054182100094756	32.13502933547726	0.0
25.0	29.217547754852045	18.682769972820886	19.35746277226965	32.74221950005742	0.0
26.0	30.484793967348654	17.796512851920614	19.88459109265249	31.834102088078243	0.0
27.0	29.696186785321277	18.314913162049663	19.693794555284434	32.29510549734462	0.0
28.0	30.45583282302511	17.7864742804654	18.828459889773423	32.92923300673607	0.0
29.0	30.267337721984077	18.362484690753213	19.338449173300674	32.031728413962036	0.0
30.0	30.410694122825483	17.92050217212409	19.06971848506306	32.599085219987366	0.0
31.0	29.635619007521097	18.21043767821943	19.31659426253038	32.837349051729085	0.0
32.0	29.788618508559562	18.21765882319168	19.831966546414936	32.161756121833825	0.0
33.0	30.47676466084826	18.395919461032	18.88876129229827	32.23855458582147	0.0
34.0	30.232268807839908	17.804404207060895	18.949957412600128	33.013369572499066	0.0
35.0	30.615291854489072	17.484471752466817	19.61966560433355	32.280570788710556	0.0
36.0	29.77497439627861	17.762761181886923	19.51625716664912	32.94600725518535	0.0
37.0	29.270160325436706	18.817899018904043	18.91744436468055	32.9944962909787	0.0
38.0	30.098109595597034	18.910744197176356	19.346255084948552	31.644891122278057	0.0
39.0	29.29532706702146	18.57782797633861	19.658479621724066	32.468365334915866	0.0
40.0	30.379552960321636	18.25970420715072	19.529986119753026	31.830756712774615	0.0
41.0	29.81466944917769	18.527311366812814	19.762210181692865	31.895809002316632	0.0
42.0	29.89296928850425	18.4948686528299	20.30328559393429	31.30887646473156	0.0
43.0	30.140737194830063	18.760172331258975	19.267592149353757	31.831498324557206	0.0
44.0	30.50063668654916	17.95934780319205	20.444818903367256	31.095196606891534	0.0
45.0	30.682177222461583	18.58490114414285	19.596917037675333	31.136004595720234	0.0
46.0	30.219843352036612	18.60146689902143	19.22384572665122	31.954844022290736	0.0
47.0	29.56356045807959	18.470642307250372	20.00363859205638	31.96215864261366	0.0
48.0	30.24656484894911	18.173026284291666	19.351749892277493	32.22865897448173	0.0
49.0	29.59015608541607	18.526285550129273	19.37565833572728	32.50790002872738	0.0
50.0	29.774662184809568	18.39380967429923	19.976824585093038	31.854703555798164	0.0
51.0	30.52905796268628	18.083170516798834	19.48339271348121	31.904378807033673	0.0
52.0	30.03064840532516	17.64869265396035	19.585288765443924	32.73537017527057	0.0
53.0	30.450731744693893	17.961267335836332	19.054095471611372	32.5339054478584	0.0
54.0	30.617600858204668	17.852764261905673	19.91494578751772	31.61468909237194	0.0
55.0	29.757845128165826	17.880953293229627	19.081190850224147	33.2800107283804	0.0
56.0	29.89299638850837	17.730795390318903	19.72717431913324	32.649033902039484	0.0
57.0	29.39981798151075	17.589692005556355	19.911864731522726	33.098625281410165	0.0
58.0	29.472514418194706	18.027054472993427	19.357743672280662	33.142687436531205	0.0
59.0	29.5820120520018	18.16518331880323	20.039087573408953	32.21371705578601	0.0
60.0	29.480067829735866	18.254629762691728	19.354467852728995	32.910834554843404	0.0
61.0	29.379922202847453	17.850230900415813	19.455036694962345	33.314810201774385	0.0
62.0	29.935231671329475	17.81608094124861	19.29444678649446	32.954240600927456	0.0
63.0	29.59442757087697	17.42246409443236	19.962441674411473	33.0206666602792	0.0
64.0	29.19736703427263	18.69616456993935	19.81622895687417	32.29023943891385	0.0
65.0	29.59776172316655	18.039399804534042	19.876204894314238	32.48663357798517	0.0
66.0	30.245683294685804	17.988348249362794	19.95649757574596	31.80947088020544	0.0
67.0	29.1998850134151	17.794174013031814	20.162897661939443	32.84304331161365	0.0
68.0	29.823199655023718	18.076757222940923	19.463370226630254	32.636672895405106	0.0
69.0	29.52879280108099	17.348513162560256	20.261813721262303	32.86088031509646	0.0
70.0	29.180802330707458	17.294385985088073	19.949015774442717	33.57579590976175	0.0
71.0	30.70354503895805	17.39359612048724	19.786665133262414	32.1161937072923	0.0
72.0	29.664273871249076	18.790312532944863	19.65478575056785	31.89062784523821	0.0
73.0	29.588452912649277	18.12762368456363	18.75155743832544	33.532365964461654	0.0
74.0	30.29788947035482	17.818735982517683	19.661855195813445	32.22151935131405	0.0
75.0	30.036328083813395	18.16404190669721	19.513644598234396	32.285985411255	0.0
76.0	30.54810014953414	17.836739388827116	18.609332464246002	33.00582799739274	0.0
77.0	30.75942329077035	17.271559492311823	19.911614709152957	32.05740250776487	0.0
78.0	30.33928691267125	18.148350542149615	18.736038808517165	32.776323736661965	0.0
79.0	30.171438433658697	18.063359349531133	19.310794484821752	32.45440773198842	0.0
80.0	30.336766200640547	18.41474406919433	19.529946493297277	31.718543236867845	0.0
81.0	31.08990649724287	17.702229681131623	18.650683289379046	32.55718053224646	0.0
82.0	30.602418883016984	18.172314243787348	19.070044023287263	32.155222849908405	0.0
83.0	30.82227913177759	18.29770091790637	18.382106101151937	32.4979138491641	0.0
84.0	28.84809070242583	17.92658244846671	19.908300000959205	33.31702684814826	0.0
85.0	28.650365012518826	17.754669378279598	19.15140584979327	34.4435597594083	0.0
86.0	30.83033530004317	16.64987768024176	23.111239027198156	29.408547992516908	0.0
87.0	30.211181792886403	20.41679859531965	20.557842318873952	28.81417729291999	0.0
88.0	32.08943050424603	18.413855970829534	18.79575876793168	30.700954756992754	0.0
89.0	28.159755875212312	23.516203015094668	18.864013664846606	29.460027444846414	0.0
90.0	33.4149080125529	14.876342383324218	19.70268428679738	32.0060653173255	0.0
91.0	27.065598157301213	20.695810739478862	27.167330486107776	25.071260617112145	0.0
92.0	26.032248776274113	19.593051156540938	17.811690181399367	36.56300988578558	0.0
93.0	27.830727442003322	19.630088206782037	18.49271022296448	34.04647412825017	0.0
94.0	23.782875791898636	21.957189479746592	17.153004415434825	37.10693031291994	0.0
95.0	33.512231652521216	14.065440301086833	16.33703291217021	36.085295134221745	0.0
96.0	34.851089576750574	15.328985910893847	23.239822133438338	26.580102378917243	0.0
97.0	30.52133976440746	17.103518514959934	21.282115336574492	31.09302638405811	0.0
98.0	34.82958149906764	13.580614775370536	22.284165401103444	29.30563832445837	0.0
99.0	26.876718122224574	18.0222610969069	25.765585651396606	29.335435129471925	0.0
