# Position (bp)	A	C	G	T	N
0.0	38.264110756123536	17.976570820021298	19.89350372736954	23.865814696485625	0.0
1.0	23.503727369542066	31.597444089456868	21.28860489882854	23.610223642172524	0.0
2.0	29.793322734499206	25.99894011658718	15.834658187599365	28.373078961314256	0.0
3.0	35.32085844169574	18.257743947563167	19.082355428692253	27.339042182048846	0.0
4.0	37.35729386892178	16.395348837209305	16.395348837209305	29.852008456659618	0.0
5.0	26.186198879847826	25.91144457360245	16.77058015428511	31.13177639226461	0.0
6.0	27.02588483888008	27.659799260433175	18.277865821447435	27.036450079239305	0.0
7.0	37.24123362906633	19.032530629488804	16.50823827629911	27.217997465145753	0.0
8.0	35.874960397085225	17.710423487168654	17.235188509874327	29.179427605871794	0.0
9.0	27.750791974656813	25.311510031678985	17.1805702217529	29.7571277719113	0.0
10.0	24.744225292690643	15.335935027950637	18.964244278029742	40.95559540132898	0.0
11.0	23.521972810622827	18.43186847929181	17.73632627252608	40.30983243755928	0.0
12.0	25.076355976829912	16.26119010005266	19.125855713533436	39.53659820958399	0.0
13.0	26.165666771918744	26.69192716556152	18.73487001368277	28.407536048836963	0.0
14.0	25.668280362029044	16.701747000631446	29.1096611239739	28.52031151336561	0.0
15.0	33.10540711129813	17.851883021249737	19.52451083526194	29.518199032190196	0.0
16.0	24.4741270509045	18.615902397980648	18.28986116954144	38.620109381573414	0.0
17.0	27.341532639545886	24.797645327446652	18.30127194365605	29.559550089351415	0.0
18.0	24.668908976245532	19.634223249947446	17.973512718099645	37.72335505570738	0.0
19.0	26.05359957961114	27.48292170257488	17.971623751970572	28.491854965843405	0.0
20.0	25.99243856332703	17.569838269271163	17.28628439403487	39.15143877336694	0.0
21.0	25.456644971656516	16.943103086290154	19.672475330673944	37.927776611379386	0.0
22.0	25.773953195508447	17.12666596704796	27.358589568685066	29.740791268758528	0.0
23.0	25.550891920251832	17.166841552990554	18.048268625393494	39.23399790136411	0.0
24.0	35.63411308087696	15.68236651631176	18.546103010594774	30.13741739221651	0.0
25.0	26.65408409353046	16.37831603229527	25.395826779909825	31.571773094264444	0.0
26.0	36.538058293143216	16.02013000629063	16.271755084923463	31.170056615642693	0.0
27.0	26.462570769553366	17.791989934996856	15.349129796603062	40.39630949884672	0.0
28.0	26.349439262131853	24.567655382035426	15.711141389791427	33.37176396604129	0.0
29.0	28.185530310962204	16.029735106271595	15.558580253376611	40.226154329389594	0.0
30.0	26.60424994740164	16.44224700189354	23.974332000841574	32.97917104986324	0.0
31.0	28.985049484101914	14.234575700147401	16.708780795957043	40.071594019793636	0.0
32.0	26.888631334948897	17.35328205668528	16.52091455062691	39.23717205773891	0.0
33.0	27.652394009702597	27.08289390423961	15.070660198270408	30.19405188778739	0.0
34.0	28.216204825624274	16.33126119481614	18.14350437256348	37.309029606996106	0.0
35.0	25.312169312169313	26.116402116402114	17.80952380952381	30.761904761904763	0.0
36.0	27.66949152542373	14.629237288135593	18.05084745762712	39.650423728813564	0.0
37.0	37.24408613556805	18.287896467593086	17.396838867083908	27.07117852975496	0.0
38.0	35.909139157202	19.29731451013693	15.78388706082157	29.009659271839507	0.0
39.0	38.95342640946392	17.190663966748374	14.88862837045721	28.96728125333049	0.0
40.0	26.321409503470367	25.200213561131875	19.028296849973305	29.450080085424453	0.0
41.0	26.186649523197257	15.943426550948248	28.96174863387978	28.908175291974715	0.0
42.0	37.99548823718982	16.091954022988507	17.359544526802022	28.553013213019657	0.0
43.0	38.175930922827845	17.873718294657312	16.83756071235834	27.1127900701565	0.0
44.0	28.568334416287634	26.456573532596924	14.988087502707387	29.98700454840806	0.0
45.0	32.566100094428705	16.218130311614733	17.90604343720491	33.30972615675165	0.0
46.0	30.461832974395787	16.630772912179946	18.999760708303423	33.90763340512084	0.0
47.0	29.778044391121778	17.21655668866227	19.25614877024595	33.74925014997	0.0
48.0	27.676428228516563	17.97887662025924	18.482957273163706	35.86173787806049	0.0
49.0	29.788512376832493	17.95241528478731	18.324921893775535	33.93415044460466	0.0
50.0	27.658806544754572	20.861405197305103	18.50336862367661	32.97641963426371	0.0
51.0	29.20077034183919	18.44005777563794	18.36783822821377	33.991333654309095	0.0
52.0	28.903614457831324	17.903614457831328	19.759036144578314	33.433734939759034	0.0
53.0	29.905978784956606	18.912729026036644	20.22661523625844	30.95467695274831	0.0
54.0	28.43361871457856	22.211503677800554	18.666345110334017	30.688532497286868	0.0
55.0	29.1681757817216	18.833755885548715	18.785464203790898	33.212604128938786	0.0
56.0	27.429675238440176	18.67680791983581	19.847881202462876	34.045635639261135	0.0
57.0	29.59652089876782	18.05991785455424	19.521623580575017	32.821937666102926	0.0
58.0	30.93568665377176	19.076402321083172	18.036750483558993	31.95116054158607	0.0
59.0	27.505742957320763	19.308427034215935	20.68673679119816	32.49909321726515	0.0
60.0	28.484995159728943	17.424975798644724	20.438044530493706	33.65198451113262	0.0
61.0	29.977005930049614	17.172939610311026	20.44051797168099	32.40953648795837	0.0
62.0	27.89683981111515	19.25172539048311	20.983169875287565	31.868264923114182	0.0
63.0	31.64587622623229	17.58507932663195	19.91037907230229	30.85866537483348	0.0
64.0	27.950084807366128	17.96704628059123	22.30433729101042	31.778531621032226	0.0
65.0	30.6228793019874	18.819680077556956	19.643722733882697	30.91371788657295	0.0
66.0	29.88853889023504	16.973588563120913	20.92318875696632	32.214683789677736	0.0
67.0	28.464056249242333	19.081100739483574	18.899260516426235	33.555582494847854	0.0
68.0	26.424933300994425	18.542323550812515	20.991996119330583	34.04074702886248	0.0
69.0	27.52884031572556	20.036429872495447	20.61930783242259	31.815421979356408	0.0
70.0	27.034248239008985	20.463930046150107	19.00655817342725	33.49526354141365	0.0
71.0	29.78852698104035	18.95964997569276	19.360719494409334	31.891103548857558	0.0
72.0	28.177064331752398	19.457618873890308	21.281770643317525	31.083546151039766	0.0
73.0	28.05204280155642	18.65272373540856	20.61040856031128	32.68482490272373	0.0
74.0	28.53145151478282	18.481567100620513	21.717970556028714	31.26901082856795	0.0
75.0	29.43538573862254	18.629836943295206	21.769286931126793	30.16549038695546	0.0
76.0	29.227023737066343	19.683505782105904	18.965307364576994	32.124163116250756	0.0
77.0	27.89678675754625	19.182083739045762	18.8047711781889	34.11635832521909	0.0
78.0	28.81149537262543	19.11836337067706	18.96005845104725	33.11008280565027	0.0
79.0	29.072742780553185	19.812355306445717	17.619105641525525	33.49579627147557	0.0
80.0	29.184968277208394	17.179111761835042	20.217179111761833	33.41874084919473	0.0
81.0	26.16229408175717	18.01098230628432	19.853569249542407	35.97315436241611	0.0
82.0	28.440702781844802	17.58174719375305	20.998047828208882	32.979502196193266	0.0
83.0	28.519106336222684	18.410450494445122	21.99975582956904	31.070687339763154	0.0
84.0	27.106227106227106	17.887667887667888	19.963369963369964	35.04273504273504	0.0
85.0	29.32991578176492	17.44171854021726	21.17661418283901	32.05175149517881	0.0
86.0	29.54822954822955	17.582417582417584	21.514041514041516	31.355311355311354	0.0
87.0	31.875381795968234	16.79902260232132	21.747098350641416	29.57849725106903	0.0
88.0	31.33634918694217	18.889839833720504	16.737987529037778	33.035823450299546	0.0
89.0	31.48691611640988	17.26583516752262	18.30520909757887	32.94203961848863	0.0
90.0	30.704328686720466	17.05796038151137	19.100024455857177	33.13768647591098	0.0
91.0	28.992418684274885	19.4301785277574	16.483247737833214	35.0941550501345	0.0
92.0	28.419378517249815	17.372155615365795	18.95033031563494	35.25813555174945	0.0
93.0	31.151352012724825	16.786981524531996	20.066071210081976	31.995595252661204	0.0
94.0	29.85439862963416	17.288633304784046	19.63783188547657	33.219136180105224	0.0
95.0	30.27040254496513	16.98274807292304	20.1639544842775	32.58289489783433	0.0
96.0	29.466470876162504	17.58443465491924	19.383259911894275	33.56583455702398	0.0
97.0	29.34769306082487	17.660017133765756	20.670664545343286	32.32162526006609	0.0
98.0	31.155163974547236	19.077337249143415	18.28193832599119	31.48556045031816	0.0
99.0	30.2129221732746	18.587860988742047	20.1786588350465	31.02055800293686	0.0
100.0	30.067443286327407	16.149601471489884	19.632127529123235	34.15082771305947	0.0
101.0	31.230788147055204	18.172875937538425	19.894257961391858	30.702077954014506	0.0
102.0	32.26005428077967	17.234147545028375	19.504071058475205	31.001727115716754	0.0
103.0	29.108910891089106	20.111386138613863	19.542079207920793	31.237623762376238	0.0
104.0	28.303759771683833	19.096662116887952	19.009802705050255	33.58977540637797	0.0
105.0	29.47840159342711	17.12934146645089	19.071330760612472	34.32092617950953	0.0
106.0	31.688733449912565	18.760929303022735	18.13639770172371	31.413939545340995	0.0
107.0	29.768315591734503	19.21102066374452	18.78522229179712	32.235441452723855	0.0
108.0	32.948122095214174	17.749026504208015	16.49290290164552	32.80994849893229	0.0
109.0	29.34947049924357	17.448310640443772	20.32274331820474	32.87947554210792	0.0
110.0	26.60086054163503	18.45102505694761	20.665654264743104	34.28246013667426	0.0
111.0	31.69121381411884	18.321482986287453	19.222955815134586	30.764347384459118	0.0
112.0	28.438614365766686	18.81049414161997	19.727457972491084	33.02343352012226	0.0
113.0	29.39823687236489	17.733486648779863	18.4106298709595	34.45764660789575	0.0
114.0	31.209129375560966	17.50224387742018	19.066546993204256	32.22207975381459	0.0
115.0	25.82014666152065	20.892834169561304	18.409880355075263	34.87713881384279	0.0
116.0	29.744384198295894	18.073844564936742	18.086754453911695	34.095016782855666	0.0
117.0	29.864077669902912	18.071197411003237	20.01294498381877	32.05177993527508	0.0
118.0	29.255940786910788	17.140631086871835	20.646669263731983	32.956758862485394	0.0
119.0	25.723221266614544	18.986187125358352	23.872817305186345	31.417774302840762	0.0
120.0	26.97832332201619	21.389396709323584	20.684251762862367	30.948028205797858	0.0
121.0	29.90568509300498	18.692690594707887	18.941577154833638	32.460047157453495	0.0
122.0	27.598896044158234	17.453016165067684	19.55578919700355	35.39229859377053	0.0
123.0	29.82039091389329	17.15530903328051	18.806127839408347	34.21817221341786	0.0
124.0	30.610079575596817	17.97082228116711	19.893899204244033	31.525198938992045	0.0
125.0	28.632251197445452	18.22778073443321	18.374135178286323	34.76583288983502	0.0
126.0	30.754843019372082	18.690714762859052	18.07615230460922	32.47828991315965	0.0
127.0	29.829507316418315	17.895019465700095	20.526245133574978	31.74922808430662	0.0
128.0	30.169857104340792	18.212456187651657	19.64141277972499	31.976273928282556	0.0
129.0	30.730717185385657	18.17320703653586	18.24086603518268	32.85520974289581	0.0
130.0	29.59543850122183	18.734727124626662	17.43144175943524	34.23839261471626	0.0
131.0	29.84586004637839	19.57441003955804	19.342518073932617	31.237211840130954	0.0
132.0	29.990409645156873	16.79682148239485	22.09891765995342	31.113851212494865	0.0
133.0	28.66978793720738	19.76039658496282	19.41613880473699	32.15367667309281	0.0
134.0	27.170907079646017	19.63495575221239	19.372234513274336	33.82190265486726	0.0
135.0	29.072994726616706	17.29114626699972	21.26006106022759	32.375797946155984	0.0
136.0	28.372352285395763	18.311036789297656	18.645484949832774	34.6711259754738	0.0
137.0	30.476723053264365	16.608416049210124	18.677477981266602	34.237382916258916	0.0
138.0	28.60347728547392	18.059450364554124	19.040942232192933	34.29613011777902	0.0
139.0	29.419209675151176	18.984671635494305	18.872169877654336	32.72394881170018	0.0
140.0	29.38187976291279	18.289585097375106	20.575783234546993	31.752751905165116	0.0
141.0	31.051587301587304	18.367346938775512	19.189342403628117	31.39172335600907	0.0
142.0	33.058086560364465	17.91002277904328	17.411731207289293	31.62015945330296	0.0
143.0	33.52394567548249	19.84274481772695	19.24231593995711	27.390993566833455	0.0
144.0	30.39173482565648	18.94102453723633	17.965274788348403	32.70196584875879	0.0
145.0	30.460516818247434	18.781579327270105	18.16081997978923	32.597083874693226	0.0
146.0	29.472310814728907	19.222963177732677	18.353145839373735	32.95158016816468	0.0
147.0	28.827124563445867	19.10651920838184	17.476717112922003	34.58963911525029	0.0
148.0	29.145949107926295	17.78297747879497	19.552500731207957	33.51857268207078	0.0
149.0	30.59515062454078	18.706833210874358	18.354151359294637	32.34386480529023	0.0
150.0	28.284320969410377	17.46711984631299	20.141864932761933	34.1066942515147	0.0
151.0	29.201306413301666	19.28444180522565	20.35332541567696	31.160926365795728	0.0
152.0	28.141831238779176	19.23997606223818	17.504488330341115	35.11370436864153	0.0
153.0	30.924117205108942	17.95642374154771	19.489105935386927	31.63035311795642	0.0
154.0	31.432461049765543	17.607018605354714	18.408712751474816	32.55180759340493	0.0
155.0	29.409975669099758	20.22506082725061	17.77676399026764	32.588199513381994	0.0
156.0	31.62079510703364	16.972477064220186	19.357798165137616	32.04892966360856	0.0
157.0	29.781672816728168	19.557195571955717	19.72632226322263	30.934809348093477	0.0
158.0	27.640518838789376	20.985176034589255	18.86967263743051	32.50463248919086	0.0
159.0	33.24550526968382	16.274023558586485	18.80037197768134	31.680099194048356	0.0
160.0	27.337793682900262	19.402520616150614	20.94289715263731	32.316788548311806	0.0
161.0	29.580331976197932	17.0059505167554	20.122142186031944	33.29157532101472	0.0
162.0	30.913385826771655	18.58267716535433	20.11023622047244	30.393700787401574	0.0
163.0	29.13435670200981	18.056654533945242	18.705491375217598	34.10349738882735	0.0
164.0	28.23323800444868	17.46107403876708	19.335875436924056	34.969812519860184	0.0
165.0	28.77433769549952	16.900734120651133	21.321417172039578	33.00351101180976	0.0
166.0	26.99100834938985	20.23121387283237	20.118818240205524	32.65895953757225	0.0
167.0	28.458434221146085	16.803874092009686	21.372074253430185	33.365617433414045	0.0
168.0	29.938271604938272	17.93372319688109	19.980506822612085	32.14749837556855	0.0
169.0	26.93498452012384	18.494378360762585	20.156428222258434	34.41420889685514	0.0
170.0	27.921440261865794	17.692307692307693	18.543371522094926	35.84288052373159	0.0
171.0	30.095332018408943	17.209072978303748	18.261012491781724	34.43458251150559	0.0
172.0	29.213483146067414	19.596827495042962	16.754791804362192	34.434897554527424	0.0
173.0	28.773506407056082	17.324013979031452	18.888334165418538	35.01414544849393	0.0
174.0	30.93163538873995	19.185656836461128	18.3813672922252	31.501340482573724	0.0
175.0	28.790689829650866	17.608365660313712	20.84668578175072	32.754258728284704	0.0
176.0	28.865103635745836	16.021066938498134	18.34862385321101	36.76520557254502	0.0
177.0	27.213675213675216	19.538461538461537	19.897435897435898	33.35042735042735	0.0
178.0	26.73199243596355	20.06188757091284	20.388516417397284	32.81760357572632	0.0
179.0	28.64312911041883	18.05122879889235	20.422291450328835	32.883350640359986	0.0
180.0	29.091859857068155	16.01882516994945	20.010458427749693	34.8788565452327	0.0
181.0	28.453716690042075	19.424964936886397	17.82959326788219	34.29172510518934	0.0
182.0	27.804359383306753	18.57168172957647	19.617224880382775	34.00673400673401	0.0
183.0	29.859004104943782	19.971443869355703	20.149919685882566	30.019632339817953	0.0
184.0	30.556055425589346	20.20874572611121	17.797372683102395	31.43782616519705	0.0
185.0	28.7324968176032	19.38534278959811	20.858337879614474	31.023822513184214	0.0
186.0	29.10324591967724	18.576930130203557	20.30075187969925	32.01907207041995	0.0
187.0	29.590513248100798	21.697239206966835	17.47267000185288	31.239577543079488	0.0
188.0	30.28774289985052	18.105381165919283	19.30119581464873	32.30568011958147	0.0
189.0	29.69868173258004	19.02071563088512	19.75517890772128	31.52542372881356	0.0
190.0	31.32118451025057	18.41305998481397	17.957479119210326	32.30827638572513	0.0
191.0	27.52873563218391	19.885057471264368	18.2183908045977	34.367816091954026	0.0
192.0	31.426362582141476	17.510630073444144	18.573637417858524	32.48936992655585	0.0
193.0	30.41869522882181	18.052580331061343	18.967867575462513	32.56085686465433	0.0
194.0	28.03462522132599	19.29962620499705	20.794806216801103	31.870942356875858	0.0
195.0	29.45844078555842	19.718309859154928	19.85717119619123	30.966078159095417	0.0
196.0	29.44243882872042	20.31688728439631	18.090653830726033	32.15002005615724	0.0
197.0	29.01058631921824	20.582247557003257	19.136807817589577	31.27035830618892	0.0
198.0	27.522363220303724	22.633659246931558	19.53401289785729	30.309964634907427	0.0
199.0	29.012614180078295	21.83558068725533	17.63810352327099	31.51370160939539	0.0
200.0	24.372941474537622	19.027109196858376	20.217887002786927	36.382062325817074	0.0
201.0	32.008441786844884	16.813225466056984	18.46640872317974	32.7119240239184	0.0
202.0	30.49168730102582	18.53555005305978	20.233463035019454	30.739299610894943	0.0
203.0	28.995352163031818	19.306399713979264	19.77118341079728	31.927064712191633	0.0
204.0	29.98198198198198	19.56756756756757	23.027027027027028	27.423423423423422	0.0
205.0	28.410740203193036	17.307692307692307	23.69375907111756	30.5878084179971	0.0
206.0	29.5836376917458	20.85463842220599	20.89116143170197	28.67056245434624	0.0
207.0	29.508797653958947	18.181818181818183	20.344574780058654	31.964809384164223	0.0
208.0	28.182487122884474	17.14495952906549	22.038263428991904	32.634289919058126	0.0
209.0	26.14644970414201	19.41568047337278	20.192307692307693	34.24556213017752	0.0
210.0	29.39858050056033	18.827045199850577	19.648860664923422	32.12551363466567	0.0
211.0	28.56605193827625	19.796763266842305	20.888219796763266	30.74896499811818	0.0
212.0	25.99923867529501	17.814998096688235	23.258469737342978	32.92729349067377	0.0
213.0	29.45706584520601	20.06160954948017	18.675394686176357	31.805929919137466	0.0
214.0	29.945482866043616	22.897196261682243	17.990654205607477	29.166666666666668	0.0
215.0	25.85596221959858	18.850846123573398	20.070838252656433	35.222353404171585	0.0
216.0	29.746835443037973	18.86867088607595	21.00474683544304	30.37974683544304	0.0
217.0	25.633802816901408	19.919517102615693	24.346076458752517	30.100603621730382	0.0
218.0	25.12437810945274	20.771144278606965	18.781094527363184	35.32338308457712	0.0
219.0	23.485899214054555	22.838650023116042	25.15025427646787	28.525196486361537	0.0
220.0	13.76659678546471	24.947589098532493	20.47519217330538	40.810621942697416	0.0
