# Position (bp)	A	C	G	T	N
0.0	26.200797778008173	24.005805990428847	23.610933160172216	26.182463071390767	0.0
1.0	26.449200312126553	19.929018492952597	15.392641016266595	38.229140178654255	0.0
2.0	28.77869206740236	18.948066557336013	18.521310365966702	33.75193100929492	0.0
3.0	22.928683767934555	22.52087691782681	15.023493078411503	39.52694623582713	0.0
4.0	34.07707025684995	13.087053654215783	14.694073012319983	38.14180307661428	0.0
5.0	34.6965026635777	14.811029960340832	23.261279302626928	27.231188073454536	0.0
6.0	30.8711893156867	17.35019684936312	20.834173171595754	30.944440663354435	0.0
7.0	34.838879756102244	16.972814980794972	20.090109192062503	28.09819607104028	0.0
8.0	22.37756685112569	26.934791030789125	22.838790755060405	27.848851363024778	0.0
9.0	27.94430934318976	18.57084177534392	15.545526214297055	37.939322667169264	0.0
10.0	26.232119079903736	16.38297584581529	25.335902583996916	32.04900249028405	0.0
11.0	28.215784334769566	17.912670345376398	19.594266500531386	34.277278819322646	0.0
12.0	25.9825998600415	19.682558587989746	21.307132997223516	33.02770855474524	0.0
13.0	26.297026579899374	20.74320887148424	18.646372684009656	34.31339186460673	0.0
14.0	30.675463372581046	18.342482116898505	20.342900509051056	30.639154001469386	0.0
15.0	29.935129583771797	18.53022414301595	19.72205280030435	31.812593472907906	0.0
16.0	29.726871508672364	17.492696679214067	18.87028229036328	33.910149521750284	0.0
17.0	30.48014098812098	17.82356023363646	19.775976960945993	31.920321817296564	0.0
18.0	30.85016063815492	17.637803279775646	18.77590410224998	32.73613197981945	0.0
19.0	29.67248925443304	18.381943608241848	20.06752081490052	31.8780463224246	0.0
20.0	29.719411127224372	17.779757760105543	19.778191080001466	32.722640032668615	0.0
21.0	29.09810532487998	18.363358096564387	19.5392843618189	32.999252216736735	0.0
22.0	29.824456351969452	18.970212136600892	22.4413727450888	28.763958766340853	0.0
23.0	29.81085533491441	20.176787044938546	20.977109281063544	29.0352483390835	0.0
24.0	32.35373289565762	19.233419629441546	18.238200381482898	30.17464709341794	0.0
25.0	29.47112439727971	21.093268729047672	19.18197135562548	30.253635518047144	0.0
26.0	32.144362307535246	16.7344208911622	21.72736843115595	29.393848370146607	0.0
27.0	26.320400260371674	21.26875129793186	24.873435283154198	27.537413158542268	0.0
28.0	26.326813570739247	19.68574342919269	18.376413764098377	35.61102923596968	0.0
29.0	28.06936889535746	19.847592260050572	17.45303886204315	34.62999998254882	0.0
30.0	26.608340518913646	19.194985503160016	16.013877186137677	38.18279679178866	0.0
31.0	34.20550603576898	14.178778622588373	18.006530710914312	33.60918463072834	0.0
32.0	34.133838966989465	15.68029781407096	22.6563172124504	27.52954600648917	0.0
33.0	31.11939879291207	17.512336025238294	20.64184406724819	30.72642111460145	0.0
34.0	33.35550672556029	16.2903243127083	21.975512900968674	28.378656060762737	0.0
35.0	26.331956140165637	20.15537832026325	25.661863260370254	27.850802279200863	0.0
