# Position (bp)	A	C	G	T	N
0.0	23.798634437995283	19.35607804590404	17.96421020489642	38.88107731120425	0.0
1.0	24.99776006162399	41.09695576247144	14.039838170126846	19.865446005777727	0.0
2.0	21.99139152098257	13.87981091920116	41.79533603880981	22.333461521006456	0.0
3.0	49.88149477299413	16.83906142427403	14.01566394329516	19.26377985943668	0.0
4.0	22.627673113294463	16.894114210045437	13.804501723757687	46.67371095290241	0.0
5.0	26.260966952883496	41.142333464082604	12.563477816048184	20.033221766985715	0.0
6.0	22.404296649085925	13.756097909986442	13.424142655618185	50.41546278530945	0.0
7.0	20.049983393706487	45.85666420214807	12.985620833376052	21.107731570769396	0.0
8.0	18.9100394515303	17.24178696936357	13.242147353086429	50.60602622601971	0.0
9.0	24.263343588101417	13.094176130407103	14.193013605675574	48.4494666758159	0.0
10.0	22.783775936209352	15.649774559916041	42.173171427121844	19.393278076752768	0.0
11.0	20.29256534533289	16.067137431366	14.967612204701439	48.67268501859968	0.0
12.0	49.81248677409887	15.376703418703524	14.518415334118695	20.292394473078907	0.0
13.0	21.21657516380927	14.367983065725248	41.129219737967034	23.286222032498447	0.0
14.0	48.205910350939874	16.75609562325378	13.32300369022298	21.71499033558337	0.0
15.0	20.449253878606825	14.411739182636584	16.161252090720943	48.977754848035644	0.0
16.0	22.391749852516348	42.92073722335228	13.551501385942252	21.136011538189116	0.0
17.0	20.326346971111477	13.969636286324452	13.584091713523517	52.11992502904056	0.0
18.0	20.45509272122365	15.698537880460982	42.305503905238886	21.540865493076485	0.0
19.0	20.26501298261633	13.708204154104855	15.11498464805916	50.91179821521966	0.0
20.0	20.92733944457618	15.570471678474473	13.576852569886094	49.92533630706325	0.0
21.0	21.787012198088124	41.26285390888155	14.541981427013765	22.408152466016563	0.0
22.0	21.487303130856077	14.252178973437152	14.657263177573022	49.60325471813375	0.0
23.0	21.951309186782535	41.21047444307525	15.459374707201622	21.37884166294059	0.0
24.0	21.277929769803418	13.800507047610827	14.110683025050506	50.81088015753525	0.0
25.0	50.63622310840095	15.02522606250563	13.589972165979905	20.748578663113523	0.0
26.0	48.67282603182639	13.54278208579407	15.495775805554803	22.288616076824734	0.0
27.0	49.85145091861576	13.738432294176942	15.615543887734903	20.79457289947239	0.0
28.0	20.780365567015487	41.35257142505184	13.964822975411712	23.902240032520957	0.0
29.0	20.719818050321287	15.8663662589818	41.02445209304176	22.389363597655155	0.0
30.0	48.480310671064395	14.949123913385309	14.198226410503127	22.37233900504717	0.0
31.0	48.55379675685994	14.694841844631174	15.371166722736241	21.38019467577265	0.0
32.0	20.568820911391526	42.85387325577218	13.300109606418506	23.277196226417786	0.0
33.0	28.25981758747766	18.914466467871883	18.993698284346145	33.83201766030432	0.0
34.0	30.23352522106771	21.712496663021806	18.22741015784272	29.826567958067766	0.0
35.0	31.16263400907596	18.749215596905984	18.45685617845418	31.631294215563877	0.0
36.0	30.6589998520022	22.166965305086897	19.696459152606877	27.47757569030403	0.0
37.0	29.024470014569026	21.310749693587976	19.490117179886155	30.17466311195684	0.0
38.0	31.805529537661194	19.28981555543001	20.27611676236296	28.62853814454584	0.0
39.0	33.72766231514281	18.63122693155639	20.086369904299502	27.5547408490013	0.0
40.0	34.19371091775407	19.31162749541141	18.593499738667532	27.90116184816699	0.0
41.0	28.997667807453865	23.261448930155574	18.527602032594995	29.21328122979557	0.0
42.0	29.297822619783563	19.526676710250694	22.727200676407392	28.448299993558347	0.0
43.0	32.189793121402744	19.405211744713796	19.429347411568372	28.975647722315085	0.0
44.0	32.102648091164646	18.958498210758382	19.034145358538645	29.90470833953832	0.0
45.0	29.195527557174415	22.321976256262992	19.98336201327782	28.49913417328477	0.0
46.0	30.088041236610692	20.165089944727367	20.00706363998285	29.73980517867909	0.0
47.0	30.231177254014813	19.58054824364247	19.409243884301954	30.77903061804076	0.0
48.0	30.282970134786385	19.942824873970213	20.483358627071475	29.29084636417193	0.0
49.0	30.421115965155522	20.527201541667754	20.158666213234973	28.89301627994175	0.0
50.0	29.940705912559274	19.91244554882701	19.414287304046418	30.732561234567296	0.0
51.0	30.11179865006942	19.613075267196294	20.622120981499954	29.653005101234324	0.0
52.0	30.03554014458948	20.40047572982231	20.077843525649346	29.48614059993886	0.0
53.0	30.263367766583123	19.593516166827857	19.43118649344521	30.71192957314381	0.0
54.0	29.76569013116828	19.952716299191597	20.917137618471084	29.364455951169038	0.0
55.0	29.60506168041281	20.715344030634355	20.039647827837495	29.63994646111534	0.0
56.0	30.318285979930266	19.796641213055562	19.271898423990358	30.613174383023818	0.0
57.0	29.690340102212676	20.220139090007454	20.738992958162253	29.35052784961762	0.0
58.0	29.969574444070545	20.588425429432945	19.87585171114487	29.566148415351645	0.0
59.0	29.621482657317145	20.01917295571767	19.57651043818207	30.782833948783118	0.0
60.0	29.535808193339147	20.10749763870139	20.592271719577703	29.764422448381765	0.0
61.0	29.98572423045281	20.0174749684538	20.213622573547486	29.78317822754591	0.0
62.0	29.36343446708053	20.01287050800035	19.489796275247006	31.133898749672117	0.0
63.0	29.49397312174976	19.93814818896288	20.85745921296369	29.71041947632366	0.0
64.0	29.83970614017131	20.346370791223258	20.4253506942148	29.388572374390638	0.0
65.0	29.911556281793324	19.82475079916492	19.240096725909186	31.023596193132576	0.0
66.0	29.77159667349185	19.65716742621376	21.23176876902953	29.33946713126486	0.0
67.0	30.123843584872883	20.269099411075807	20.126771395430936	29.48028560862037	0.0
68.0	29.63189754224701	19.949836056385394	19.876867135610794	30.5413992657568	0.0
69.0	29.574395174147377	20.026825865235768	20.98770060708587	29.411078353530982	0.0
70.0	29.924687963953406	20.295486184615427	20.22721187047788	29.55261398095329	0.0
71.0	29.732388347322676	20.223878530244566	19.656557391703995	30.387175730728767	0.0
72.0	29.980710070002704	19.937392763102757	20.987380717854702	29.094516449039837	0.0
73.0	30.353717777003876	20.36241894603276	20.217434533435323	29.066428743528043	0.0
74.0	30.02175720946514	20.284923688420488	19.20583204051618	30.48748706159819	0.0
75.0	29.784143030852444	19.843067969966384	20.7732512491203	29.59953775006087	0.0
76.0	30.047583694251784	20.30296098151106	20.365519399776012	29.283935924461147	0.0
77.0	30.051750745838152	20.062116334609907	19.350526034330663	30.535606885221284	0.0
78.0	29.563028282814813	20.1458689586659	20.62353645899313	29.66756629952616	0.0
79.0	29.952207750640834	20.310512750682946	19.919906394854245	29.817373103821975	0.0
80.0	30.00445757928875	20.176127030480014	19.312163926600867	30.507251463630364	0.0
81.0	30.287460562562362	19.91200000561762	20.658967720461686	29.14157171135833	0.0
82.0	29.94267439435213	20.529245328732117	19.97361603571983	29.554464241195923	0.0
83.0	29.523123949849094	20.33924373333146	19.552181416915833	30.58545089990361	0.0
84.0	29.79080511845245	20.054366436101	20.73503562090298	29.419792824543567	0.0
85.0	30.34621679908397	20.22275610629913	19.98152480102281	29.449502293594094	0.0
86.0	29.88053798830145	20.011669738667408	19.977770588113376	30.130021684917757	0.0
87.0	30.314448174282386	19.788224837207505	20.399520098088296	29.497806890421813	0.0
88.0	30.041104256107133	20.424120868579525	20.149905092669048	29.38486978264429	0.0
89.0	29.80112877605814	19.87668508131967	19.64632620644091	30.675859936181276	0.0
90.0	29.948356660648113	20.040870397467074	20.64155417172948	29.36921877015533	0.0
91.0	30.123455574940756	20.293482506036735	19.96202015912583	29.621041759896677	0.0
92.0	29.601530368648397	20.240433262243336	19.649880004865903	30.50815636424236	0.0
93.0	29.88669840227236	19.84135244596004	20.978306657655608	29.29364249411199	0.0
94.0	30.22176521042217	20.79893289932842	19.921099819840606	29.05820207040881	0.0
95.0	30.065894874198296	19.89219760372683	19.335212694303706	30.706694827771162	0.0
96.0	30.401375997512005	19.615633994231025	20.778716366567256	29.204273641689717	0.0
97.0	30.221068580239223	20.594866879614244	19.783751944923562	29.400312595222967	0.0
98.0	29.951330921580492	20.00112611027435	19.558494390563197	30.48904857758196	0.0
99.0	30.154818877013195	20.049444053567676	20.30891270597436	29.486824363444768	0.0
100.0	29.53572977545398	20.554418240919116	20.34574913901498	29.564102844611924	0.0
101.0	29.996182953615637	20.260379872173164	19.456288451259077	30.28714872295212	0.0
102.0	30.246836955958905	19.917264684206305	20.550972941494415	29.284925418340368	0.0
103.0	29.889064671914557	20.674252954737234	20.240247864734073	29.19643450861414	0.0
104.0	29.975520566824578	20.18870380242441	19.411566487602492	30.424209143148524	0.0
105.0	29.96603282004117	19.97748632855871	20.688690920832762	29.36778993056735	0.0
106.0	29.81873870255071	20.863842423894642	19.97998737554873	29.337431498005913	0.0
107.0	29.892087275463584	20.06181754221135	19.304259496992394	30.74183568533267	0.0
108.0	30.077640479841257	19.727536754757825	21.12715793271399	29.06766483268693	0.0
109.0	30.30757078672745	20.258972699171288	19.894677005987287	29.538779508113972	0.0
110.0	29.540798771165953	20.312202827305555	19.673866805655774	30.473131595872722	0.0
111.0	30.12096050424543	19.716565832871854	20.60431828599661	29.558155376886102	0.0
112.0	30.209055784853074	20.508109170208392	19.727998486526836	29.5548365584117	0.0
113.0	29.757137822417384	19.959818494483102	19.720260813433693	30.56278286966582	0.0
114.0	30.118007274144077	20.057707964618036	20.71796794451214	29.10631681672575	0.0
115.0	30.345602500519036	20.36908174294378	20.360342021796203	28.924973734740984	0.0
116.0	30.167428400307532	20.12401939209621	19.519247177415025	30.189305030181234	0.0
117.0	29.729861269266767	19.968591370911984	20.72074147250519	29.580805887316064	0.0
118.0	30.30271499962706	20.300962183933766	19.928470202133212	29.46785261430596	0.0
119.0	29.81274734555081	20.32894057118386	19.353446404159076	30.504865679106253	0.0
120.0	30.55126916754545	19.56850332860056	20.27266939709374	29.60755810676025	0.0
121.0	29.997634166707858	20.70436177402028	20.126034391745016	29.17196966752684	0.0
122.0	30.117396243668704	20.103543252055125	19.46987400482525	30.30918649945092	0.0
123.0	29.83206493605779	20.446863288846558	20.26155773055461	29.459514044541034	0.0
124.0	29.887264772179222	20.48792744438178	20.008660484933696	29.616147298505304	0.0
125.0	29.872057243763688	20.428975514826593	19.464842578883083	30.234124662526636	0.0
126.0	30.11661359748964	20.110927476744457	20.373905748987607	29.398553176778297	0.0
127.0	29.851330975078998	20.905317519339196	19.883278398923974	29.360073106657836	0.0
128.0	30.55274644371621	20.35054866713417	19.069917423119584	30.026787466030036	0.0
129.0	30.509607814743706	20.134003167021138	20.411244369208937	28.945144649026222	0.0
130.0	30.451417465191206	20.68456611093097	19.983469473614875	28.880546950262953	0.0
131.0	30.356126528761855	20.23127329502017	19.32221855046731	30.090381625750666	0.0
132.0	30.314637526205285	20.3267143143178	20.772550394474116	28.586097765002798	0.0
133.0	30.48685606694594	20.394872587953213	20.204003986732623	28.914267358368225	0.0
134.0	30.291303472603875	20.40602113981161	18.758107961299064	30.54456742628545	0.0
135.0	30.36669826290262	19.86393285652714	20.33153574561632	29.437833134953916	0.0
136.0	30.585142637743605	20.25026840110377	19.870514112130763	29.294074849021857	0.0
137.0	30.45489797555692	19.889438065299856	19.150724207820456	30.504939751322762	0.0
138.0	30.647124979335295	19.91450715385699	20.29933897367866	29.139028893129055	0.0
139.0	30.30262234507254	21.21769126423753	19.868688377345983	28.610998013343945	0.0
140.0	29.60110587766907	20.237544892348847	18.26787509274599	31.893474137236094	0.0
141.0	31.45198034907596	19.779882196993814	19.191321972005454	29.576815481924772	0.0
142.0	33.43209985324256	19.440310123270425	19.053778224621585	28.07381179886542	0.0
143.0	33.05413367319224	19.60391116311138	18.29099722123561	29.050957942460776	0.0
144.0	33.008715720275006	19.55853685491967	18.769621506368598	28.663125918436727	0.0
145.0	30.04142397010711	21.683715307425036	19.776564177565113	28.49829654490274	0.0
146.0	29.71475405510871	20.875325593835072	21.223803021102267	28.18611732995395	0.0
147.0	29.889927071093208	20.425556257107512	24.982494653772637	24.702022018026636	0.0
148.0	30.0718530022078	21.44161722348319	25.392072277749016	23.094457496559993	0.0
149.0	27.490050746356104	24.198621055295614	23.67228428716665	24.63904391118163	0.0
150.0	5.454961805922151	31.799173626825166	32.21236021424067	30.53350435301201	0.0
