# Position (bp)	A	C	G	T	N
0.0	68.36115326251897	8.2701062215478	12.974203338391503	10.394537177541729	0.0
1.0	10.773899848254933	67.52655538694992	12.974203338391503	8.725341426403642	0.0
2.0	12.481203007518797	64.51127819548871	9.24812030075188	13.759398496240602	0.0
3.0	68.28358208955224	9.402985074626866	9.925373134328359	12.388059701492537	0.0
4.0	68.55439642324889	8.42026825633383	7.526080476900149	15.499254843517138	0.0
5.0	13.55174981384959	63.36559940431869	9.084139985107967	13.998510796723753	0.0
6.0	13.104988830975428	62.99329858525689	9.233060312732688	14.668652271034995	0.0
7.0	69.04761904761905	8.779761904761903	9.151785714285714	13.020833333333334	0.0
8.0	68.77323420074349	9.591078066914498	8.921933085501859	12.713754646840147	0.0
9.0	14.200743494423792	61.56133828996283	9.368029739776953	14.869888475836431	0.0
10.0	13.754646840148698	6.394052044609666	8.327137546468402	71.52416356877323	0.0
11.0	13.308550185873605	9.144981412639405	8.921933085501859	68.62453531598513	0.0
12.0	12.639405204460965	8.25278810408922	10.260223048327138	68.84758364312268	0.0
13.0	14.020771513353116	62.166172106824924	9.124629080118694	14.688427299703264	0.0
14.0	13.037037037037036	8.962962962962964	63.85185185185185	14.148148148148149	0.0
15.0	65.18518518518519	9.777777777777779	10.148148148148147	14.888888888888888	0.0
16.0	10.962962962962964	9.481481481481481	10.592592592592592	68.96296296296296	0.0
17.0	14.518518518518519	60.96296296296296	9.407407407407407	15.11111111111111	0.0
18.0	13.037037037037036	10.444444444444445	7.629629629629629	68.88888888888889	0.0
19.0	14.127218934911243	64.3491124260355	9.245562130177515	12.278106508875739	0.0
20.0	12.795857988165679	10.355029585798817	9.393491124260354	67.45562130177515	0.0
21.0	11.89069423929099	11.152141802067947	10.19202363367799	66.76514032496307	0.0
22.0	13.800738007380073	8.044280442804428	62.80442804428045	15.350553505535055	0.0
23.0	13.357933579335793	8.708487084870848	9.15129151291513	68.78228782287823	0.0
24.0	67.99410029498524	7.964601769911504	10.398230088495575	13.643067846607671	0.0
25.0	13.274336283185843	8.849557522123893	61.504424778761056	16.371681415929203	0.0
26.0	66.74041297935102	7.964601769911504	8.259587020648967	17.035398230088493	0.0
27.0	11.799410029498524	12.610619469026549	6.563421828908554	69.02654867256636	0.0
28.0	13.48563006632277	62.41709653647752	7.0744288872512895	17.022844509948413	0.0
29.0	15.9174649963154	7.369196757553427	7.295504789977893	69.41783345615328	0.0
30.0	15.055350553505534	8.634686346863468	60.738007380073796	15.571955719557195	0.0
31.0	16.011860637509265	6.6716085989621945	8.154188287620459	69.16234247590808	0.0
32.0	15.973254086181276	8.098068350668647	7.87518573551263	68.05349182763744	0.0
33.0	14.275092936802974	63.64312267657992	8.104089219330856	13.977695167286244	0.0
34.0	15.6412157153447	7.70941438102298	10.007412898443292	66.64195700518903	0.0
35.0	12.100965107646623	62.9547141796585	8.092056421677803	16.852264291017075	0.0
36.0	13.382899628252787	8.25278810408922	8.847583643122677	69.51672862453532	0.0
37.0	66.39344262295081	11.549925484351714	8.718330849478392	13.338301043219076	0.0
38.0	66.5424739195231	11.028315946348734	7.973174366616989	14.456035767511178	0.0
39.0	67.88375558867362	9.687034277198212	5.514157973174367	16.9150521609538	0.0
40.0	13.19910514541387	61.521252796420576	9.694258016405668	15.58538404175988	0.0
41.0	12.378821774794929	7.158836689038031	65.24981357196123	15.212527964205815	0.0
42.0	67.4123788217748	8.42654735272185	9.99254287844892	14.168530947054435	0.0
43.0	67.56352765321375	8.74439461883408	9.641255605381167	14.050822122571002	0.0
44.0	14.823175319789314	63.355906696764485	6.696764484574869	15.124153498871332	0.0
45.0	30.04172461752434	11.68289290681502	16.82892906815021	41.44645340751043	0.0
46.0	34.21487603305785	15.37190082644628	18.016528925619834	32.396694214876035	0.0
47.0	30.413223140495866	13.884297520661157	22.479338842975206	33.22314049586777	0.0
48.0	27.43801652892562	20.165289256198346	17.68595041322314	34.710743801652896	0.0
49.0	26.115702479338843	22.644628099173552	19.00826446280992	32.231404958677686	0.0
50.0	27.768595041322314	23.140495867768596	15.702479338842975	33.388429752066116	0.0
51.0	30.57851239669421	19.00826446280992	17.520661157024794	32.892561983471076	0.0
52.0	30.247933884297524	17.520661157024794	19.50413223140496	32.72727272727273	0.0
53.0	31.353135313531354	19.636963696369637	21.45214521452145	27.557755775577558	0.0
54.0	27.722772277227726	22.607260726072607	17.656765676567655	32.01320132013201	0.0
55.0	34.2668863261944	16.96869851729819	19.27512355848435	29.489291598023065	0.0
56.0	25.950413223140494	20.165289256198346	20.49586776859504	33.388429752066116	0.0
57.0	30.282861896838604	18.469217970049918	19.966722129783694	31.281198003327788	0.0
58.0	28.95174708818636	18.96838602329451	18.63560732113145	33.44425956738768	0.0
59.0	26.833333333333332	17.5	23.5	32.166666666666664	0.0
60.0	27.378964941569283	18.530884808013358	20.868113522537563	33.2220367278798	0.0
61.0	25.208681135225376	17.529215358931552	24.207011686143574	33.0550918196995	0.0
62.0	26.37729549248748	20.20033388981636	25.041736227045075	28.380634390651082	0.0
63.0	33.5559265442404	16.193656093489146	18.030050083472453	32.220367278797994	0.0
64.0	29.382303839732888	16.52754590984975	23.87312186978297	30.217028380634392	0.0
65.0	30.05008347245409	19.198664440734557	23.372287145242073	27.378964941569283	0.0
66.0	31.21869782971619	15.525876460767945	23.706176961602672	29.549248747913186	0.0
67.0	30.05008347245409	16.69449081803005	18.530884808013358	34.72454090150251	0.0
68.0	24.37395659432387	23.205342237061767	18.530884808013358	33.889816360601	0.0
69.0	25.208681135225376	22.036727879799667	20.868113522537563	31.886477462437394	0.0
70.0	25.963149078726964	23.618090452261306	17.922948073701843	32.49581239530988	0.0
71.0	27.63819095477387	23.115577889447238	19.765494137353436	29.48073701842546	0.0
72.0	29.313232830820766	16.750418760469014	21.105527638190953	32.83082077051927	0.0
73.0	28.97822445561139	16.24790619765494	23.283082077051926	31.490787269681743	0.0
74.0	28.475711892797317	17.42043551088777	22.110552763819097	31.993299832495815	0.0
75.0	28.929765886287623	20.5685618729097	22.74247491638796	27.759197324414714	0.0
76.0	27.926421404682273	22.073578595317723	17.558528428093645	32.441471571906355	0.0
77.0	29.59866220735786	21.40468227424749	16.722408026755854	32.274247491638796	0.0
78.0	30.267558528428097	23.578595317725753	18.394648829431436	27.759197324414714	0.0
79.0	29.93311036789298	18.896321070234116	19.230769230769234	31.93979933110368	0.0
80.0	28.929765886287623	15.384615384615385	23.076923076923077	32.608695652173914	0.0
81.0	25.418060200668897	19.063545150501675	19.732441471571907	35.785953177257525	0.0
82.0	33.94648829431438	15.719063545150503	23.411371237458194	26.923076923076923	0.0
83.0	29.09698996655518	20.234113712374583	22.073578595317723	28.595317725752505	0.0
84.0	25.75250836120401	19.565217391304348	23.411371237458194	31.270903010033447	0.0
85.0	32.10702341137124	18.896321070234116	19.899665551839465	29.09698996655518	0.0
86.0	29.76588628762542	17.391304347826086	22.40802675585284	30.434782608695656	0.0
87.0	32.274247491638796	20.066889632107024	22.5752508361204	25.08361204013378	0.0
88.0	35.953177257525084	20.066889632107024	15.719063545150503	28.26086956521739	0.0
89.0	29.93311036789298	16.05351170568562	17.558528428093645	36.45484949832776	0.0
90.0	30.434782608695656	17.725752508361204	19.899665551839465	31.93979933110368	0.0
91.0	31.270903010033447	21.237458193979933	16.220735785953178	31.270903010033447	0.0
92.0	31.103678929765888	18.394648829431436	16.220735785953178	34.280936454849495	0.0
93.0	32.608695652173914	16.555183946488295	20.735785953177256	30.100334448160538	0.0
94.0	34.94983277591973	17.558528428093645	17.224080267558527	30.267558528428097	0.0
95.0	32.94314381270903	15.551839464882944	20.5685618729097	30.93645484949833	0.0
96.0	28.929765886287623	19.899665551839465	18.06020066889632	33.11036789297659	0.0
97.0	28.428093645484946	16.88963210702341	21.070234113712374	33.61204013377927	0.0
98.0	29.09698996655518	20.066889632107024	17.391304347826086	33.44481605351171	0.0
99.0	32.94314381270903	19.899665551839465	16.05351170568562	31.103678929765888	0.0
100.0	33.61204013377927	12.709030100334449	18.06020066889632	35.618729096989966	0.0
101.0	31.993299832495815	17.587939698492463	19.765494137353436	30.65326633165829	0.0
102.0	30.15075376884422	14.74036850921273	22.613065326633166	32.49581239530988	0.0
103.0	27.899159663865547	15.294117647058824	20.672268907563023	36.134453781512605	0.0
104.0	27.22689075630252	19.66386554621849	22.857142857142858	30.252100840336134	0.0
105.0	28.907563025210088	20.672268907563023	18.65546218487395	31.76470588235294	0.0
106.0	31.428571428571427	20.672268907563023	18.319327731092436	29.57983193277311	0.0
107.0	33.61344537815126	17.478991596638654	18.991596638655462	29.915966386554622	0.0
108.0	33.94957983193277	15.798319327731091	17.310924369747898	32.94117647058823	0.0
109.0	28.57142857142857	21.680672268907564	20.168067226890756	29.57983193277311	0.0
110.0	23.361344537815125	19.831932773109244	21.34453781512605	35.46218487394958	0.0
111.0	28.78787878787879	18.013468013468014	22.053872053872052	31.14478114478115	0.0
112.0	27.946127946127948	21.71717171717172	20.53872053872054	29.797979797979796	0.0
113.0	30.69139966273187	21.585160202360875	15.51433389544688	32.209106239460375	0.0
114.0	29.56081081081081	18.074324324324326	20.10135135135135	32.263513513513516	0.0
115.0	26.057529610829107	22.673434856175973	18.44331641285956	32.82571912013537	0.0
116.0	27.749576988155667	20.135363790186126	19.96615905245347	32.14890016920474	0.0
117.0	31.472081218274113	17.766497461928935	18.44331641285956	32.31810490693739	0.0
118.0	26.02040816326531	17.346938775510203	18.197278911564627	38.435374149659864	0.0
119.0	22.108843537414966	21.598639455782312	29.081632653061224	27.2108843537415	0.0
120.0	27.427597955706982	24.361158432708688	19.591141396933562	28.620102214650768	0.0
121.0	29.692832764505116	20.13651877133106	16.89419795221843	33.27645051194539	0.0
122.0	35.665529010238906	14.334470989761092	19.965870307167236	30.034129692832767	0.0
123.0	31.794871794871792	18.29059829059829	18.11965811965812	31.794871794871792	0.0
124.0	30.085470085470085	18.974358974358974	20.68376068376068	30.256410256410255	0.0
125.0	30.5982905982906	20.854700854700855	17.60683760683761	30.94017094017094	0.0
126.0	30.5982905982906	17.77777777777778	17.94871794871795	33.675213675213676	0.0
127.0	29.572649572649574	18.803418803418804	20.854700854700855	30.76923076923077	0.0
128.0	30.18867924528302	17.152658662092623	19.554030874785592	33.104631217838765	0.0
129.0	30.240549828178693	14.948453608247423	17.697594501718214	37.11340206185567	0.0
130.0	31.03448275862069	21.03448275862069	12.241379310344827	35.689655172413794	0.0
131.0	31.551724137931036	22.93103448275862	16.896551724137932	28.620689655172416	0.0
132.0	29.18825561312608	17.78929188255613	20.379965457685664	32.64248704663213	0.0
133.0	28.546712802768166	24.22145328719723	19.031141868512112	28.20069204152249	0.0
134.0	23.743500866551127	20.27729636048527	20.623916811091856	35.35528596187175	0.0
135.0	24.783362218370883	15.944540727902945	23.39688041594454	35.875216637781634	0.0
136.0	21.777003484320556	18.641114982578397	22.473867595818817	37.10801393728223	0.0
137.0	30.89005235602094	14.834205933682373	20.76788830715532	33.50785340314136	0.0
138.0	25.82897033158813	17.10296684118674	20.593368237347295	36.474694589877835	0.0
139.0	27.748691099476442	19.022687609075042	19.3717277486911	33.85689354275742	0.0
140.0	28.146853146853147	14.86013986013986	22.727272727272727	34.26573426573427	0.0
141.0	34.56140350877193	13.157894736842104	18.421052631578945	33.85964912280702	0.0
142.0	31.161971830985912	13.556338028169016	23.591549295774648	31.690140845070424	0.0
143.0	31.802120141342755	19.6113074204947	19.434628975265017	29.151943462897528	0.0
144.0	36.21908127208481	15.547703180212014	14.840989399293287	33.39222614840989	0.0
145.0	29.537366548042705	17.259786476868328	21.70818505338078	31.494661921708182	0.0
146.0	27.629233511586452	17.647058823529413	19.964349376114082	34.75935828877005	0.0
147.0	32.0855614973262	16.0427807486631	17.825311942959	34.046345811051694	0.0
148.0	24.242424242424242	18.71657754010695	22.103386809269164	34.93761140819964	0.0
149.0	27.27272727272727	19.964349376114082	18.71657754010695	34.046345811051694	0.0
150.0	26.475849731663686	20.03577817531306	17.352415026833633	36.135957066189626	0.0
151.0	28.264758497316638	19.67799642218247	21.46690518783542	30.590339892665476	0.0
152.0	28.085867620751344	18.6046511627907	16.99463327370304	36.314847942754916	0.0
153.0	31.72043010752688	15.949820788530467	20.07168458781362	32.25806451612903	0.0
154.0	34.229390681003586	14.874551971326163	20.78853046594982	30.107526881720432	0.0
155.0	29.56989247311828	22.22222222222222	17.921146953405017	30.286738351254485	0.0
156.0	30.879712746858168	12.926391382405743	20.287253141831236	35.90664272890485	0.0
157.0	32.12996389891697	14.801444043321299	24.187725631768952	28.880866425992778	0.0
158.0	32.91139240506329	23.869801084990957	12.658227848101266	30.560578661844485	0.0
159.0	37.43218806509946	12.115732368896925	19.168173598553345	31.28390596745027	0.0
160.0	27.586206896551722	18.69328493647913	21.960072595281307	31.76043557168784	0.0
161.0	27.056672760511884	22.120658135283364	19.926873857404022	30.895795246800734	0.0
162.0	30.16453382084095	20.47531992687386	19.378427787934186	29.981718464351005	0.0
163.0	29.77941176470588	15.992647058823529	16.911764705882355	37.31617647058824	0.0
164.0	30.939226519337016	14.548802946593002	23.756906077348066	30.755064456721914	0.0
165.0	31.365313653136536	19.00369003690037	22.878228782287824	26.752767527675275	0.0
166.0	27.35674676524954	19.593345656192238	20.88724584103512	32.16266173752311	0.0
167.0	27.22222222222222	20.0	21.85185185185185	30.925925925925924	0.0
168.0	27.22222222222222	17.40740740740741	20.0	35.37037037037037	0.0
169.0	25.69832402234637	17.690875232774676	22.71880819366853	33.89199255121043	0.0
170.0	30.783582089552237	18.28358208955224	16.977611940298505	33.95522388059701	0.0
171.0	31.21495327102804	17.009345794392523	16.635514018691588	35.14018691588785	0.0
172.0	32.70676691729324	19.736842105263158	16.165413533834585	31.390977443609025	0.0
173.0	30.754716981132074	18.679245283018865	18.867924528301888	31.69811320754717	0.0
174.0	31.001890359168243	20.226843100189036	18.336483931947072	30.434782608695656	0.0
175.0	26.666666666666668	18.285714285714285	22.666666666666664	32.38095238095238	0.0
176.0	30.725190839694655	17.17557251908397	17.938931297709924	34.160305343511446	0.0
177.0	29.88505747126437	21.455938697318008	16.85823754789272	31.800766283524908	0.0
178.0	26.011560693641616	22.15799614643545	19.26782273603083	32.5626204238921	0.0
179.0	24.084778420038536	24.084778420038536	20.423892100192678	31.406551059730248	0.0
180.0	31.06796116504854	16.116504854368934	18.83495145631068	33.980582524271846	0.0
181.0	27.626459143968873	21.40077821011673	18.482490272373543	32.490272373540854	0.0
182.0	34.9609375	17.7734375	19.921875	27.34375	0.0
183.0	33.20235756385069	21.807465618860512	19.44990176817289	25.540275049115913	0.0
184.0	31.818181818181817	20.158102766798418	20.948616600790515	27.07509881422925	0.0
185.0	28.429423459244536	21.07355864811133	23.856858846918488	26.640159045725646	0.0
186.0	29.880478087649404	15.737051792828685	22.709163346613543	31.673306772908365	0.0
187.0	29.482071713147413	20.717131474103585	17.928286852589643	31.872509960159363	0.0
188.0	27.0	19.6	21.0	32.4	0.0
189.0	29.116465863453815	18.072289156626507	21.084337349397593	31.72690763052209	0.0
190.0	32.323232323232325	16.767676767676768	17.575757575757574	33.33333333333333	0.0
191.0	26.923076923076923	17.813765182186234	23.279352226720647	31.983805668016196	0.0
192.0	31.300813008130078	21.138211382113823	17.88617886178862	29.67479674796748	0.0
193.0	30.20408163265306	17.142857142857142	21.63265306122449	31.020408163265305	0.0
194.0	27.459016393442624	22.131147540983605	21.92622950819672	28.48360655737705	0.0
195.0	31.82751540041068	18.275154004106774	20.123203285420946	29.774127310061605	0.0
196.0	28.333333333333332	22.291666666666668	21.041666666666668	28.333333333333332	0.0
197.0	32.05944798301486	22.505307855626327	18.259023354564754	27.176220806794056	0.0
198.0	30.021598272138228	23.542116630669547	21.382289416846653	25.05399568034557	0.0
199.0	26.923076923076923	27.149321266968325	19.457013574660635	26.47058823529412	0.0
200.0	30.277777777777775	16.666666666666664	16.666666666666664	36.388888888888886	0.0
201.0	33.87755102040816	22.857142857142858	14.285714285714285	28.97959183673469	0.0
202.0	37.95918367346939	16.73469387755102	18.367346938775512	26.93877551020408	0.0
203.0	34.285714285714285	19.183673469387756	20.816326530612244	25.71428571428571	0.0
204.0	35.12396694214876	16.115702479338843	21.074380165289256	27.685950413223143	0.0
205.0	40.0	13.750000000000002	23.75	22.5	0.0
206.0	28.333333333333332	20.833333333333336	22.083333333333332	28.749999999999996	0.0
207.0	23.333333333333332	24.583333333333332	15.416666666666668	36.666666666666664	0.0
208.0	25.0	16.25	23.75	35.0	0.0
209.0	22.78481012658228	23.20675105485232	18.565400843881857	35.44303797468354	0.0
210.0	27.23404255319149	19.574468085106382	19.148936170212767	34.04255319148936	0.0
211.0	34.04255319148936	20.0	17.4468085106383	28.510638297872344	0.0
212.0	26.06837606837607	18.37606837606838	22.64957264957265	32.9059829059829	0.0
213.0	29.48717948717949	20.94017094017094	17.94871794871795	31.62393162393162	0.0
214.0	33.047210300429185	24.034334763948497	21.45922746781116	21.45922746781116	0.0
215.0	27.038626609442062	24.892703862660944	15.450643776824036	32.61802575107296	0.0
216.0	30.472103004291846	16.30901287553648	21.888412017167383	31.330472103004293	0.0
217.0	26.83982683982684	18.614718614718615	22.51082251082251	32.03463203463203	0.0
218.0	26.431718061674008	15.859030837004406	20.704845814977972	37.00440528634361	0.0
219.0	20.689655172413794	24.137931034482758	26.108374384236456	29.064039408866993	0.0
220.0	0.0	32.82442748091603	29.770992366412212	37.404580152671755	0.0
