# Position (bp)	A	C	G	T	N
0.0	25.90861325624662	23.698517155698813	24.047232908462142	26.34563667959242	0.0
1.0	25.80170189998028	19.761574729101504	15.267392079856156	39.16933129106206	0.0
2.0	28.29629178425421	18.796606952408247	18.742927751711672	34.164173511625876	0.0
3.0	22.43355571141958	22.28121856666721	15.411410333784614	39.8738153881286	0.0
4.0	33.59522948232807	13.078802503860704	14.666162597854967	38.65980541595626	0.0
5.0	33.889141030233226	14.85161678163406	23.39541808145138	27.863824106681335	0.0
6.0	29.86296086621151	17.7568554351711	21.192160458881304	31.18802323973609	0.0
7.0	34.41969577199248	17.149142945595678	19.933026183401207	28.498135099010636	0.0
8.0	22.656264267210005	26.530923267303052	22.395334660374093	28.417477805112846	0.0
9.0	27.430447758857735	18.654216745932565	16.014538314171247	37.90079718103845	0.0
10.0	25.55744842933508	16.532614679018756	25.11293108171214	32.79700580993402	0.0
11.0	27.64205901765938	17.650837835793055	19.69325009326679	35.013853053280776	0.0
12.0	25.79587660781945	19.49653108414708	21.36692155241159	33.34067075562188	0.0
13.0	26.26114527269992	20.437525599451096	18.469270223240258	34.83205890460873	0.0
14.0	30.212135205104325	18.343816607488996	20.140724150315627	31.303324037091052	0.0
15.0	29.834165560074684	17.910278217660775	19.900078439761828	32.35547778250272	0.0
16.0	29.345047555192632	17.40181115844745	18.529458826516816	34.723682459843104	0.0
17.0	29.82632810604499	18.013773917822608	19.968756712382614	32.191141263749785	0.0
18.0	30.3709061531732	17.591334058596765	18.396711269497974	33.641048518732056	0.0
19.0	29.264042413127093	18.0642553831678	19.775429222898495	32.89627298080661	0.0
20.0	29.842774802226575	17.261443552503767	19.94596178713953	32.94981985813013	0.0
21.0	29.114424219972225	18.059450730350708	19.129551267167393	33.69657378250967	0.0
22.0	29.27751065937229	19.029457956896394	22.4769485367332	29.216082846998116	0.0
23.0	29.613347195082817	19.952614383347814	20.89263057568002	29.54140784588935	0.0
24.0	31.97388834247739	19.159857538782894	18.267116086499406	30.599138032240308	0.0
25.0	28.935043267963966	21.242315816569228	19.08109166929727	30.74154924616954	0.0
26.0	31.297845428448934	16.7650207360989	21.355138195728944	30.58199563972322	0.0
27.0	25.865609295198738	20.865541899616236	25.014696585087577	28.25415222009745	0.0
28.0	25.838966299599885	19.28389802135266	18.421604154002818	36.455531525044634	0.0
29.0	27.656668640705018	19.694739318234983	17.603682668552004	35.044909372507995	0.0
30.0	26.117127425502517	18.88421712731663	16.33609901134541	38.66255643583544	0.0
31.0	33.42436594366229	14.124709430574084	18.23393020345078	34.216994422312844	0.0
32.0	33.40835259397045	15.583527754065846	22.744086309060073	28.264033342903634	0.0
33.0	30.58737724043274	17.859479109808927	20.41198740754218	31.141156242216155	0.0
34.0	33.21701392366484	16.378115126588966	21.49466583168418	28.91020511806202	0.0
35.0	26.14074628073992	20.454304418669675	24.95027391623001	28.4546753843604	0.0
