# Position (bp)	A	C	G	T	N
0.0	30.909090909090907	23.03030303030303	26.060606060606062	20.0	0.0
1.0	28.994082840236686	17.75147928994083	8.875739644970414	44.37869822485207	0.0
2.0	29.651162790697676	23.25581395348837	15.11627906976744	31.976744186046513	0.0
3.0	23.837209302325583	24.418604651162788	12.209302325581394	39.53488372093023	0.0
4.0	36.627906976744185	13.372093023255813	15.11627906976744	34.883720930232556	0.0
5.0	37.7906976744186	15.69767441860465	24.418604651162788	22.093023255813954	0.0
6.0	30.813953488372093	23.25581395348837	19.186046511627907	26.744186046511626	0.0
7.0	41.040462427745666	15.606936416184972	17.341040462427745	26.011560693641616	0.0
8.0	22.54335260115607	31.213872832369944	22.54335260115607	23.699421965317917	0.0
9.0	27.74566473988439	15.606936416184972	15.028901734104046	41.61849710982659	0.0
10.0	23.699421965317917	14.450867052023122	25.43352601156069	36.41618497109826	0.0
11.0	30.057803468208093	13.294797687861271	21.38728323699422	35.26011560693642	0.0
12.0	23.121387283236995	23.699421965317917	26.011560693641616	27.167630057803464	0.0
13.0	23.121387283236995	16.184971098265898	23.699421965317917	36.99421965317919	0.0
14.0	33.52601156069364	18.497109826589593	24.277456647398843	23.699421965317917	0.0
15.0	27.74566473988439	23.121387283236995	15.606936416184972	33.52601156069364	0.0
16.0	32.369942196531795	18.497109826589593	14.450867052023122	34.68208092485549	0.0
17.0	23.699421965317917	19.653179190751445	24.85549132947977	31.79190751445087	0.0
18.0	36.99421965317919	13.294797687861271	17.341040462427745	32.369942196531795	0.0
19.0	26.011560693641616	20.809248554913296	20.809248554913296	32.369942196531795	0.0
20.0	28.32369942196532	16.76300578034682	17.91907514450867	36.99421965317919	0.0
21.0	35.83815028901734	18.497109826589593	17.341040462427745	28.32369942196532	0.0
22.0	21.965317919075144	26.011560693641616	17.341040462427745	34.68208092485549	0.0
23.0	33.52601156069364	13.294797687861271	16.76300578034682	36.41618497109826	0.0
24.0	34.104046242774565	17.91907514450867	15.028901734104046	32.947976878612714	0.0
25.0	23.121387283236995	19.653179190751445	16.184971098265898	41.040462427745666	0.0
26.0	30.63583815028902	22.54335260115607	13.872832369942195	32.947976878612714	0.0
27.0	27.74566473988439	16.184971098265898	20.23121387283237	35.83815028901734	0.0
28.0	34.68208092485549	19.07514450867052	21.965317919075144	24.277456647398843	0.0
29.0	33.52601156069364	18.497109826589593	15.606936416184972	32.369942196531795	0.0
30.0	41.040462427745666	13.872832369942195	12.138728323699421	32.947976878612714	0.0
31.0	35.26011560693642	16.184971098265898	17.341040462427745	31.213872832369944	0.0
32.0	24.277456647398843	22.54335260115607	25.43352601156069	27.74566473988439	0.0
33.0	28.901734104046245	16.184971098265898	19.653179190751445	35.26011560693642	0.0
34.0	33.52601156069364	17.91907514450867	16.184971098265898	32.369942196531795	0.0
35.0	30.057803468208093	13.294797687861271	22.54335260115607	34.104046242774565	0.0
36.0	30.63583815028902	19.07514450867052	17.91907514450867	32.369942196531795	0.0
37.0	30.813953488372093	15.69767441860465	19.767441860465116	33.72093023255814	0.0
38.0	26.744186046511626	24.418604651162788	20.930232558139537	27.906976744186046	0.0
39.0	29.069767441860467	15.69767441860465	18.023255813953487	37.2093023255814	0.0
40.0	33.13953488372093	11.627906976744185	19.186046511627907	36.04651162790697	0.0
41.0	28.488372093023255	22.093023255813954	19.186046511627907	30.23255813953488	0.0
42.0	27.325581395348834	18.023255813953487	19.186046511627907	35.46511627906977	0.0
43.0	30.23255813953488	17.441860465116278	23.837209302325583	28.488372093023255	0.0
44.0	35.67251461988304	14.035087719298245	21.637426900584796	28.654970760233915	0.0
45.0	29.239766081871345	21.052631578947366	15.204678362573098	34.50292397660819	0.0
46.0	29.239766081871345	19.883040935672515	20.46783625730994	30.409356725146196	0.0
47.0	32.16374269005848	18.71345029239766	19.298245614035086	29.82456140350877	0.0
48.0	36.25730994152047	19.298245614035086	13.450292397660817	30.994152046783626	0.0
49.0	31.57894736842105	18.71345029239766	21.052631578947366	28.654970760233915	0.0
50.0	33.91812865497076	18.71345029239766	18.71345029239766	28.654970760233915	0.0
51.0	29.82456140350877	21.637426900584796	19.298245614035086	29.239766081871345	0.0
52.0	38.82352941176471	12.941176470588237	17.647058823529413	30.58823529411765	0.0
53.0	35.294117647058826	15.88235294117647	17.647058823529413	31.176470588235293	0.0
54.0	31.176470588235293	22.35294117647059	14.705882352941178	31.76470588235294	0.0
55.0	25.882352941176475	14.705882352941178	27.647058823529413	31.76470588235294	0.0
56.0	31.176470588235293	16.470588235294116	21.176470588235293	31.176470588235293	0.0
57.0	28.235294117647058	19.411764705882355	22.35294117647059	30.0	0.0
58.0	30.76923076923077	16.56804733727811	26.035502958579883	26.627218934911244	0.0
59.0	21.893491124260358	14.792899408284024	27.810650887573964	35.50295857988166	0.0
60.0	33.92857142857143	20.833333333333336	14.880952380952381	30.357142857142854	0.0
61.0	23.214285714285715	20.238095238095237	22.023809523809522	34.523809523809526	0.0
62.0	27.54491017964072	17.964071856287426	20.35928143712575	34.13173652694611	0.0
63.0	31.137724550898206	16.766467065868262	26.94610778443114	25.149700598802394	0.0
64.0	25.149700598802394	20.35928143712575	17.365269461077844	37.12574850299401	0.0
65.0	22.289156626506024	24.096385542168676	21.084337349397593	32.53012048192771	0.0
66.0	34.33734939759036	18.67469879518072	13.855421686746988	33.13253012048193	0.0
67.0	31.32530120481928	19.879518072289155	16.867469879518072	31.92771084337349	0.0
68.0	33.75	15.0	22.5	28.749999999999996	0.0
69.0	35.714285714285715	11.688311688311687	23.376623376623375	29.22077922077922	0.0
70.0	38.84892086330935	13.66906474820144	18.705035971223023	28.776978417266186	0.0
71.0	26.666666666666668	20.952380952380953	27.61904761904762	24.761904761904763	0.0
