# Position (bp)	A	C	G	T	N
0.0	26.003924059816768	24.2196477397267	24.101420711747064	25.67500748870947	0.0
1.0	26.525799112944103	20.410917640478253	15.402772845831716	37.66051040074593	0.0
2.0	28.643770102659417	19.181934872889432	18.42227099366386	33.75202403078729	0.0
3.0	22.74613548440595	22.668119455941106	15.470745963657691	39.11499909599525	0.0
4.0	34.11769519155875	13.54343703857182	14.79815681742245	37.54071095244698	0.0
5.0	34.68254772252421	15.155192764875064	23.123951006274496	27.038308506326224	0.0
6.0	30.59111794074744	17.7926417644859	21.230525699815477	30.385714594951178	0.0
7.0	35.100830618839915	17.276006006986464	20.10820421027227	27.51495916390135	0.0
8.0	22.670729048529843	27.065164704780674	22.390973877358594	27.873132369330882	0.0
9.0	27.85009849195076	18.906926511765633	15.905131519732416	37.33784347655119	0.0
10.0	26.130845578900775	16.717476338551116	25.53477523492223	31.616902847625877	0.0
11.0	28.23915096601762	18.080302124103806	19.738705417158947	33.94184149271963	0.0
12.0	25.85855309697418	20.01444221719846	21.29966321026952	32.82734147555784	0.0
13.0	26.516824477429374	21.064409107494654	18.76391555345229	33.65485086162368	0.0
14.0	30.584480452717344	18.80683797604692	20.161483506081435	30.447198065154303	0.0
15.0	29.939232900126616	18.590216677507897	19.950554899979032	31.519995522386452	0.0
16.0	29.643643433186266	17.638879271507584	18.908074617803276	33.809402677502874	0.0
17.0	30.58166998481271	17.99959983720813	19.816011223693273	31.602718954285887	0.0
18.0	31.111389367366066	17.661327136430994	18.916936561281293	32.31034693492164	0.0
19.0	29.682774713969113	18.55224546220058	20.099246591291113	31.66573323253919	0.0
20.0	29.580055101914144	17.723611888972883	20.105896038759102	32.59043697035387	0.0
21.0	28.92461810823937	18.55211390838377	19.670428986233134	32.85283899714373	0.0
22.0	29.64775747982114	19.088829562103985	22.461223615536603	28.802189342538277	0.0
23.0	29.520222034140133	20.316322348470035	21.219415382013747	28.94404023537609	0.0
24.0	32.02290184518579	19.64271896863721	18.321476148635245	30.01290303754175	0.0
25.0	29.079456950627975	21.36345485198581	19.37573647713469	30.181351720251527	0.0
26.0	31.59116613728215	17.070841849948042	21.883738238042326	29.454253774727484	0.0
27.0	26.118336006865672	21.238131902314834	24.833485756369267	27.810046334450227	0.0
28.0	26.257484066739885	20.173407065659827	18.670907004965677	34.898201862634615	0.0
29.0	27.579528169080618	20.31085688535336	17.63907062251386	34.47054432305217	0.0
30.0	26.625505409244894	19.48934974032174	16.235894552795497	37.64925029763788	0.0
31.0	34.01906118015415	14.67295342425015	18.29451990769809	33.01346548789761	0.0
32.0	33.865660843426376	16.206960643936757	22.643167858861847	27.284210653775016	0.0
33.0	31.37402001273466	17.88643088490115	20.584549959883848	30.154999142480342	0.0
34.0	33.348855411969716	16.83498999130023	21.85283905957887	27.963315537151185	0.0
35.0	26.394791421936986	20.687877902971785	25.26048581209143	27.656844862999797	0.0
