# Position (bp)	A	C	G	T	N
0.0	22.42396680120516	28.256494798476496	35.52043658689102	13.79910181342732	0.0
1.0	23.77010971519527	22.28639645273151	14.253879824910465	39.68961400716275	0.0
2.0	26.228762997897608	21.44780953463265	16.631626796977102	35.69180067049264	0.0
3.0	19.054812257229177	25.044862912568426	12.831928764509462	43.06839606569293	0.0
4.0	35.99650409180164	10.208505953259253	11.617084548766785	42.17790540617232	0.0
5.0	39.90948481205054	12.439599827590119	24.215648465325195	23.435266895034143	0.0
6.0	33.805117038649975	16.341181273816005	21.76782798040283	28.085873707131192	0.0
7.0	38.348661306601045	16.86946463604096	20.490343943844053	24.291530113513943	0.0
8.0	19.056528888132902	33.53404774054544	22.57186596359925	24.837557407722404	0.0
9.0	28.49820837302127	17.96616319680682	12.684265432938721	40.85136299723318	0.0
10.0	25.5490674074494	15.639208571914507	28.467600204093202	30.34412381654289	0.0
11.0	27.009989001893487	17.722825039400433	18.775015023186732	36.49217093551935	0.0
12.0	24.827945895078177	19.98321976439642	22.931098992052064	32.25773534847334	0.0
13.0	24.580796571545186	23.822318968742557	17.491468544153825	34.10541591555843	0.0
14.0	31.679250844613744	19.18917080470716	19.564428723669593	29.5671496270095	0.0
15.0	29.79712116060297	18.059616910347952	20.089538705655674	32.053723223393405	0.0
16.0	31.304397098821397	17.098821396192204	18.07683590208522	33.51994560290118	0.0
17.0	30.43433919931104	18.184908610862447	19.00418135049689	32.376570839329624	0.0
18.0	31.731444759206802	17.107082152974503	18.929178470254957	32.23229461756374	0.0
19.0	31.197878897751995	18.319434372733863	18.880302755620015	31.602383973894128	0.0
20.0	31.007058130445124	17.8243284579741	18.50521712531297	32.6633962862678	0.0
21.0	30.727054398803727	16.21088882343612	19.918662346783876	33.14339443097628	0.0
22.0	29.291830909338046	19.11558153232749	20.239227946173713	31.35335961216075	0.0
23.0	29.304290698201257	17.66571519188075	20.000226541615696	33.0297675683023	0.0
24.0	30.092083951568142	18.388474215360915	18.815480977245183	32.703960855825756	0.0
25.0	29.34834311082924	18.411515549616073	19.260911911934585	32.979229427620105	0.0
26.0	32.027587144119046	16.87730742225544	19.415188783946004	31.679916649679505	0.0
27.0	29.16336375784205	18.09843045772654	20.183226507825065	32.554979276606346	0.0
28.0	29.809641364784216	17.5739182624254	20.201116559276162	32.41532381351422	0.0
29.0	29.48510344359012	18.34580846799307	19.041094339195325	33.12799374922149	0.0
30.0	29.686332238704566	17.355905333484316	19.261691767636734	33.696070660174385	0.0
31.0	30.65756247806049	18.176671082877558	20.501409790399837	30.664356648662118	0.0
32.0	29.661295254056867	18.302059859354298	19.24083028525485	32.79581460133399	0.0
33.0	29.741696581244977	17.703013351149966	20.21357310292502	32.34171696468003	0.0
34.0	30.10304608764579	17.82923791190126	19.993205752462913	32.074510247990034	0.0
35.0	30.12898184741866	17.089245473178796	18.443611491727722	34.338161187674814	0.0
36.0	30.490028425499144	16.542281514365637	19.280642348331277	33.68704771180394	0.0
37.0	27.87913792908187	19.971913611705684	18.876770971358678	33.272177487853774	0.0
38.0	30.17724672971289	18.113143439605867	19.47675406308398	32.23285576759726	0.0
39.0	29.266331430642385	18.640708525867534	20.496964754915282	31.595995288574798	0.0
40.0	30.273276028041085	17.814471285065515	20.188224102198213	31.724028584695183	0.0
41.0	29.62140859106918	17.988471251741203	20.40860239408387	31.98151776310574	0.0
42.0	29.730678626438344	18.432318564827398	19.900108725197065	31.936894083537194	0.0
43.0	30.382986433537923	18.389463909587118	20.469730256154733	30.757819400720223	0.0
44.0	29.55811741257474	18.66959594129371	19.910762819351334	31.861523826780214	0.0
45.0	29.887218045112785	18.31800887761573	20.21695805779509	31.5778150194764	0.0
46.0	30.060578610655043	17.888240955670046	19.988676895204666	32.06250353847025	0.0
47.0	29.232998935664305	18.030299599175706	19.0901062071152	33.64659525804479	0.0
48.0	30.111751452089536	18.27764631288142	19.363458294176922	32.24714394085212	0.0
49.0	28.66411522260972	20.030345577245345	19.290955206304634	32.014583993840304	0.0
50.0	29.79448564796467	18.55856875955387	18.56536262243107	33.08158297005039	0.0
51.0	29.949273064903302	18.03523710312967	19.956746229448797	32.05874360251823	0.0
52.0	29.47324320039858	17.89410512489526	19.94927191611749	32.68337975858867	0.0
53.0	31.607614000520883	18.017008073739397	18.631880513186353	31.743497412553364	0.0
54.0	29.957762906093237	18.048714203213642	19.991846995278053	32.00167589541507	0.0
55.0	29.15430435078024	18.383801780173485	18.834507281498425	33.627386587547846	0.0
56.0	30.353887095860937	17.753241605798088	18.933242738236792	32.95962856010418	0.0
57.0	28.173448240716624	17.82951881589527	19.67543571566085	34.32159722772726	0.0
58.0	29.393911940568945	17.856495741982243	19.24148396448632	33.508108352962495	0.0
59.0	30.069534098887907	17.20912323616679	20.04031618762882	32.681026477316486	0.0
60.0	29.75810287422708	17.346152975017553	19.752666983760278	33.143077166995084	0.0
61.0	29.6904904814215	18.040565792006884	19.906909321525237	32.36203440504637	0.0
62.0	29.667044167610417	18.381653454133634	19.41902604756512	32.53227633069083	0.0
63.0	28.962627406568515	17.8074745186863	20.229898074745186	33.0	0.0
64.0	29.608824661940247	18.813563161113503	19.97780244173141	31.59980973521484	0.0
65.0	29.860584164807413	17.626872940190495	19.636001223144614	32.87654167185748	0.0
66.0	30.49175500588928	17.68256772673734	20.55359246171967	31.272084805653712	0.0
67.0	29.228155614700718	18.061045359306867	19.587745625460105	33.12305340053231	0.0
68.0	30.718872818294052	17.523869930117453	19.299815383221393	32.457441868367106	0.0
69.0	29.371389738362215	17.63733152112357	19.714576962283385	33.27670177823083	0.0
70.0	29.013953699089384	17.01399900330721	19.91913197118652	34.05291532641689	0.0
71.0	30.08539845059575	18.36859511620532	18.896389253839533	32.649617179359396	0.0
72.0	30.69622045282079	17.756056676218414	20.244419023456526	31.303303847504278	0.0
73.0	30.79928871572414	17.82854424573286	18.662151295148995	32.710015743394	0.0
74.0	29.491448635179523	18.683882659417826	19.287575036810512	32.537093668592135	0.0
75.0	30.576855553919515	16.99305689270464	18.720338887064074	33.709748666311775	0.0
76.0	29.325616165277275	18.131569409206232	19.106786879304096	33.436027546212394	0.0
77.0	29.158643499535604	17.166934734839046	20.758670683913643	32.91575108171171	0.0
78.0	29.38697838792986	17.80390557745458	19.128041321190704	33.681074713424856	0.0
79.0	30.328156681505646	18.379945854713924	17.819236302262095	33.47266116151834	0.0
80.0	29.637516991391028	18.49229723606706	19.5151789759855	32.35500679655641	0.0
81.0	29.726882426906215	18.378513089479707	19.198658767289327	32.69594571632475	0.0
82.0	29.926139066995944	18.17182862451005	19.12567686974647	32.77635543874754	0.0
83.0	30.176388621404538	18.655050922726605	19.226019870625688	31.942540585243172	0.0
84.0	30.25263396397417	18.010649144669763	18.179449416562818	33.55726747479324	0.0
85.0	30.0071372735615	17.721963543259807	19.105235133512334	33.16566404966636	0.0
86.0	29.90857492437889	17.356036660662294	19.329549445445174	33.405838969513646	0.0
87.0	29.53832209822693	17.785079023395454	20.829320795332237	31.847278083045378	0.0
88.0	30.213219133075025	18.29016835474588	18.38193641945936	33.11467609271973	0.0
89.0	30.095283414341228	19.308203890645004	19.259485854774937	31.33702684023883	0.0
90.0	31.07941219791301	18.559726266414383	19.11036584674998	31.250495688922626	0.0
91.0	29.626902029208825	18.79085892976513	20.031497490397797	31.550741550628253	0.0
92.0	28.234441032845766	17.952436523492825	19.642877375058067	34.17024506860334	0.0
93.0	29.682295089396995	18.32581748963267	19.520043508803735	32.471843912166605	0.0
94.0	29.8240246569444	17.93747379633092	19.79241028430273	32.44609126242196	0.0
95.0	31.214233101025552	17.885432602413733	19.0515043345232	31.848829962037513	0.0
96.0	29.556683740537597	19.06418566701419	18.904401432392003	32.47472916005621	0.0
97.0	29.048050770625565	18.11876699909338	19.85494106980961	32.97824116047144	0.0
98.0	29.127236873420447	18.020784931491324	19.636887020184275	33.215091174903954	0.0
99.0	28.995772748393534	18.715504833573217	19.74001835964505	32.5487040583882	0.0
100.0	30.797640010061972	18.644377872807517	19.609412518008646	30.948569599121868	0.0
101.0	30.26794269420362	18.970712166514666	19.02727912909966	31.734066010182055	0.0
102.0	28.787013622644587	17.97047067460641	20.86863295771037	32.37388274503863	0.0
103.0	28.78168341915794	17.920648574761675	19.570366355184238	33.72730165089615	0.0
104.0	30.786736408154514	17.695909637908233	19.02798794218923	32.489366011748025	0.0
105.0	29.89653425946024	17.894267177965897	19.656078913730312	32.55311964884355	0.0
106.0	29.30670345366425	18.616092683700998	20.446083039322207	31.631120823312536	0.0
107.0	30.286738351254485	17.525645779260905	19.238660239772585	32.948955629712025	0.0
108.0	28.362317027398976	19.047916927311398	21.184786688352307	31.404979356937318	0.0
109.0	29.49249879828978	17.875123333417665	19.81430414653275	32.81807372175981	0.0
110.0	29.408760708312588	17.72951855681949	21.250654308220664	31.611066426647263	0.0
111.0	29.338002420372327	18.607255967247728	20.427684939619432	31.62705667276051	0.0
112.0	29.530882180806096	17.733355876653356	19.420203149995448	33.3155587925451	0.0
113.0	30.284963887065004	18.51871306631648	19.676953381483912	31.5193696651346	0.0
114.0	30.546145364207618	17.448487505480053	19.22734579464084	32.77802133567149	0.0
115.0	28.885303213661423	18.489982519833266	20.927793465106898	31.696920801398417	0.0
116.0	29.88648287703902	18.061896131151116	18.435289788909937	33.616331202899936	0.0
117.0	30.756256048665836	16.887875017281903	21.22770634591456	31.1281625881377	0.0
118.0	30.592718154182368	17.715702618270456	19.416387655324097	32.27519157222308	0.0
119.0	31.370407149950346	18.608313235919987	18.52603206128529	31.495247552844376	0.0
120.0	30.49872306235473	17.793910872621883	19.22723751040202	32.480128554621366	0.0
121.0	30.019586507072905	18.267682263329707	19.721436343852012	31.991294885745376	0.0
122.0	29.15143238917522	18.71723712611779	19.93157423314685	32.19975625156014	0.0
123.0	27.964202496326752	19.059350836313985	19.669333175024857	33.30711349233441	0.0
124.0	29.236854770785705	18.767296354229334	19.574960895199133	32.42088797978583	0.0
125.0	29.051871266609773	18.50694867731318	20.05668657808119	32.38449347799586	0.0
126.0	30.278065443529066	18.42589300894941	19.21572870457672	32.0803128429448	0.0
127.0	30.62617702448211	18.523226616446955	19.427181418706844	31.42341494036409	0.0
128.0	29.441098684000895	18.341140107701623	19.49144441258006	32.72631679571742	0.0
129.0	30.448407314078956	17.337016217613233	20.687148672223298	31.527427796084513	0.0
130.0	29.51855550280747	18.943474061584297	18.60461309280207	32.93335734280616	0.0
131.0	29.064865223741865	18.90851148585845	19.263709998672155	32.76291329172752	0.0
132.0	30.678723904931587	18.000134467341244	19.93478333949642	31.38635828823075	0.0
133.0	30.579722482335914	17.9518174853154	19.271303311483784	32.1971567208649	0.0
134.0	31.288089360012428	17.16416622067227	20.33561797558828	31.212126443727016	0.0
135.0	31.088128237435253	16.733165336693265	20.11234775304494	32.066358672826546	0.0
136.0	28.88845387243736	19.864037585421414	19.4814208428246	31.766087699316632	0.0
137.0	30.284227381905527	17.987116966300313	20.581920081519762	31.1467355702744	0.0
138.0	30.24811458854485	18.290807345229492	19.656456723553283	31.804621342672373	0.0
139.0	28.746784687547283	19.43561809653503	20.381298229686788	31.4362989862309	0.0
140.0	30.206465791452203	17.833940585661136	18.759277466119176	33.20031615676749	0.0
141.0	28.95539309589898	18.13988037061652	19.89327182454357	33.01145470894093	0.0
142.0	30.272957768798037	16.579510339909675	20.39259963552809	32.7549322557642	0.0
143.0	30.174023002348406	18.367756568515283	20.122036892073623	31.336183537062684	0.0
144.0	30.271492291085355	16.945355302551988	21.261125481170694	31.52202692519196	0.0
145.0	30.738518824989658	19.259412494828297	19.55316508067853	30.448903599503517	0.0
146.0	30.00926276788346	18.04555597659046	19.723380068207653	32.22180118731843	0.0
147.0	29.91712884644211	17.981113085933316	19.574294952782715	32.52746311484186	0.0
148.0	30.460033623720008	18.076024540948886	19.353289229492805	32.110652605838304	0.0
149.0	30.467430907313602	19.066026837287833	20.810006220563405	29.656536034835156	0.0
150.0	30.989830508474576	18.596610169491527	18.72090395480226	31.692655367231637	0.0
151.0	29.282338365530215	17.572156196943972	20.82778873950351	32.3177166980223	0.0
152.0	28.9915868465823	18.471649304341746	19.44813442401361	33.088629425062344	0.0
153.0	29.853570837177397	18.430203676105318	20.585243536063206	31.13098195065408	0.0
154.0	29.952745328503923	17.72170116817386	19.837367171196238	32.48818633212598	0.0
155.0	30.546365670915637	18.24705653400798	19.73581784567481	31.47075994940158	0.0
156.0	30.096103960273734	17.9534056377696	18.973738172295377	32.97675222966129	0.0
157.0	30.61789272416222	17.344268894032407	19.583375264164236	32.45446311764114	0.0
158.0	29.13666299361915	19.063116623529712	19.839581785101092	31.960638597750048	0.0
159.0	31.04851330203443	17.462180490349503	19.405320813771517	32.08398539384455	0.0
160.0	30.379007197683993	18.17481607394226	19.8002709091392	31.64590581923455	0.0
161.0	29.89437285571494	18.515817057027853	20.017829645838397	31.571980441418805	0.0
162.0	30.245388669301715	18.332784365393064	18.670399648660517	32.75142731664471	0.0
163.0	30.519751677291833	17.71108822137468	19.885303861251078	31.8838562400824	0.0
164.0	31.66803243945859	17.369804176439008	19.969482042442564	30.99268134165984	0.0
165.0	29.29028922652727	18.137691357670104	19.90406985093489	32.66794956486774	0.0
166.0	30.856842474154544	17.513579814263185	19.54033058816658	32.08924712341569	0.0
167.0	29.69903632320237	18.689399555226093	19.16085989621942	32.45070422535211	0.0
168.0	29.965483831900208	17.845464454402325	19.465302167857576	32.723749545839894	0.0
169.0	29.915821282106624	17.86253892880269	20.313897197126206	31.907742591964478	0.0
170.0	31.349056603773583	17.562893081761004	20.238993710691826	30.849056603773583	0.0
171.0	29.469944305742267	18.187055886306894	20.456436847833046	31.886562960117793	0.0
172.0	29.35809710003258	19.0257412838058	20.08471814923428	31.53144346692734	0.0
173.0	30.88986141502553	18.8415887540614	18.384059412505803	31.884490418407267	0.0
174.0	30.096040438079193	18.382476832350463	20.32687447346251	31.194608256107838	0.0
175.0	28.87662025924148	19.751731705644332	18.908168164049105	32.46347987106509	0.0
176.0	29.980475559584406	17.596401924551984	20.31587755386654	32.107244961997075	0.0
177.0	29.907535338505685	19.13416232685018	19.37152371842562	31.586778616218513	0.0
178.0	27.85693724812896	18.663644214162346	20.71099597006333	32.768422567645366	0.0
179.0	30.326090952538507	18.510348884232197	19.271350318003012	31.892209845226276	0.0
180.0	28.34477326431867	18.57019616668542	20.464348674093245	32.62068189490267	0.0
181.0	30.825856912813432	17.993252051223067	19.231654014262713	31.94923702170079	0.0
182.0	29.316342883946373	18.0940468279717	20.290818121408748	32.29879216667318	0.0
183.0	31.05590062111801	18.088071348940915	19.529383659818443	31.32664437012263	0.0
184.0	30.42844415647526	17.510326395075726	19.085607839961124	32.97562160848789	0.0
185.0	28.539668162542714	20.099633578986374	20.659557824529625	30.701140433941294	0.0
186.0	30.75310298557531	19.016269708151626	19.0540087219054	31.17661858436766	0.0
187.0	28.631272975976746	19.000598444045483	20.308626143455587	32.05950243652219	0.0
188.0	30.312799512067613	18.410734512503268	19.364816589701142	31.91164938572798	0.0
189.0	29.856386999244144	17.175759192565916	21.030634476012626	31.937219332177314	0.0
190.0	29.06274135659443	18.54072963518241	20.82595066103312	31.570578347190043	0.0
191.0	30.768874264262873	17.852342772396533	18.87658154516383	32.50220141817676	0.0
192.0	27.75777103866566	19.190674753601215	20.223654283548143	32.82789992418499	0.0
193.0	30.80688297926023	17.01064742392895	19.78604228692537	32.39642730988545	0.0
194.0	31.65012598344218	17.858795701136422	19.85910423201522	30.63197408340618	0.0
195.0	30.793401413982718	18.360827441738675	19.732914375490967	31.11285676878764	0.0
196.0	30.337379030102124	18.285836496818693	18.948831738223817	32.42795273485537	0.0
197.0	29.70761509927995	17.98494435958979	19.572332533275148	32.73510800785512	0.0
198.0	30.430149739218216	18.60804217374236	20.256856037238517	30.70495204980091	0.0
199.0	30.029276453366794	18.36051861145964	19.268686144470333	32.34151879070323	0.0
200.0	29.0554978936443	18.194028939495695	20.605653580804688	32.14481958605531	0.0
201.0	31.014077488476392	17.260495826585277	19.882895228603463	31.84253145633487	0.0
202.0	29.197874655911914	19.755457397093657	20.9653671339863	30.081300813008134	0.0
203.0	30.041572957132146	18.148981121788317	19.914127990186056	31.89531793089348	0.0
204.0	30.171635049683832	19.407963310402334	19.352373010909595	31.06802862900424	0.0
205.0	31.438079728103098	18.508815407491326	18.402605678680168	31.650499185725412	0.0
206.0	30.537883169462116	18.290919606709082	20.279063042220937	30.892134181607865	0.0
207.0	29.853060621723397	18.969209185557116	21.036697925127374	30.141032267592117	0.0
208.0	30.10088842041861	18.190031621743714	20.787531998193042	30.92154795964463	0.0
209.0	28.120671078959518	18.677851315991997	19.632137909804527	33.56933969524396	0.0
210.0	30.16259523996544	17.296363207917683	21.6165265886419	30.92451496347498	0.0
211.0	28.52748320246094	19.630858900671903	21.09609001861896	30.7455678782482	0.0
212.0	28.568975877757747	19.066014250150225	19.314962657738864	33.050047214353164	0.0
213.0	29.796205200281094	18.367884750527054	19.580112438510188	32.25579761068166	0.0
214.0	29.2632150615496	17.487328023171614	19.379073135409126	33.87038377986966	0.0
215.0	32.13868328788469	18.445656408258667	18.844955200623296	30.570705103233347	0.0
216.0	29.879065888240202	16.388657214345287	21.663886572143454	32.068390325271054	0.0
217.0	29.48321554770318	19.037102473498233	20.306978798586574	31.172703180212014	0.0
218.0	28.804036234376788	19.16064671482628	19.481710812980165	32.553606237816766	0.0
219.0	29.97576084029087	18.664152976030167	20.872609749528685	30.487476434150285	0.0
220.0	31.15712138921356	17.682417765904155	20.821506094506596	30.33895475037569	0.0
221.0	29.945945945945944	17.963963963963963	20.43243243243243	31.657657657657655	0.0
222.0	29.38981153200224	19.070722149654788	20.656838962493	30.882627355849973	0.0
223.0	26.123057270598256	21.865020225675963	22.035341707472856	29.97658079625293	0.0
224.0	29.93402968664101	19.103903243540408	18.993952721275427	31.968114348543153	0.0
225.0	29.917916784602323	18.70931219926408	19.6433625813756	31.729408434757993	0.0
226.0	28.61263340063455	19.036631093164118	19.815402365157198	32.535333141044134	0.0
227.0	29.579134558387672	17.071724955542383	19.02786010669828	34.321280379371665	0.0
228.0	27.72879294618425	17.69534813013074	24.50592885375494	30.069930069930066	0.0
229.0	27.209154481881754	19.89828353464717	18.9446916719644	33.94787031150667	0.0
230.0	31.445655997186073	16.4966584593739	19.099542736545903	32.958142806894124	0.0
231.0	27.27607814227792	17.28713601179506	22.447475119793587	32.98931072613343	0.0
232.0	32.082965578111214	15.489849955869373	19.682259488084732	32.74492497793469	0.0
233.0	30.046511627906973	17.53488372093023	23.58139534883721	28.837209302325583	0.0
234.0	27.426900584795323	20.350877192982455	22.573099415204677	29.64912280701754	0.0
235.0	31.48148148148148	17.10758377425044	21.604938271604937	29.80599647266314	0.0
236.0	23.16831683168317	25.544554455445546	21.584158415841586	29.7029702970297	0.0
237.0	27.720739219712527	21.560574948665298	21.149897330595483	29.568788501026695	0.0
238.0	30.962343096234306	18.410041841004183	16.736401673640167	33.89121338912134	0.0
239.0	30.168776371308013	19.198312236286917	18.9873417721519	31.645569620253166	0.0
240.0	27.54880694143167	21.475054229934923	20.390455531453362	30.585683297180044	0.0
241.0	30.474040632054177	16.478555304740404	18.735891647855528	34.31151241534989	0.0
242.0	27.505827505827508	18.181818181818183	23.776223776223777	30.536130536130536	0.0
243.0	28.60576923076923	18.75	21.394230769230766	31.25	0.0
244.0	25.569620253164555	17.468354430379744	22.531645569620252	34.43037974683544	0.0
245.0	24.068767908309454	20.34383954154728	20.916905444126073	34.67048710601719	0.0
246.0	33.83838383838384	11.616161616161616	18.68686868686869	35.858585858585855	0.0
247.0	36.45833333333333	11.458333333333332	21.354166666666664	30.729166666666668	0.0
248.0	25.945945945945947	14.594594594594595	29.72972972972973	29.72972972972973	0.0
249.0	28.402366863905325	13.609467455621301	27.218934911242602	30.76923076923077	0.0
250.0	24.489795918367346	18.367346938775512	27.55102040816326	29.591836734693878	0.0
