# Position (bp)	A	C	G	T	N
0.0	26.845224235960373	23.943788915510623	23.444693971053244	25.76629287747576	0.0
1.0	27.733440192946517	19.785818880445813	14.666294655396472	37.814446271211196	0.0
2.0	27.713577553601016	20.363061762338177	17.78158392651352	34.14140319878369	3.735587635952043E-4
3.0	24.427488026289073	21.623469404863254	14.521768774648333	39.42708750542566	1.8628877367963176E-4
4.0	34.633902506554875	14.44042449210163	14.536122895331962	36.388806817442756	7.432885687792786E-4
5.0	36.23445298448871	14.886899580339627	22.068084837843305	26.802581440283312	0.007981157045041567
6.0	32.352096256743955	17.93601046784677	19.564754048228455	30.142320459191524	0.004818767989294922
7.0	35.098983413590155	16.960941680042804	20.361535228764343	27.57742885653931	0.0011108210633890038
8.0	23.757945174826208	26.374374233684765	21.68836236469855	28.17783876450104	0.0014794622894309063
9.0	29.253276868101207	17.912929725175438	15.714554948283316	37.11905369001031	1.8476842972702312E-4
10.0	27.616454036888648	17.018628953344532	24.35555637612392	31.008991377877887	3.6925576500563114E-4
11.0	29.07966156105517	18.269319469095123	19.0294418266552	33.61991668173382	0.0016604614606894974
12.0	27.384603468212354	19.419296657009177	20.475657413059555	32.714909846027304	0.0055326156916046245
13.0	27.928799547395407	21.636563669635503	18.260273442467064	32.173994769984354	3.685705176757206E-4
14.0	31.78939143478974	18.797833542497102	20.222174308054925	29.189495003105208	0.0011057115530271617
15.0	30.579742995778027	18.910247550388195	18.792304984731967	31.717335898584135	3.685705176757206E-4
16.0	30.51837600458502	18.62423682867184	18.7082709067019	32.145983410641	0.003132849400243625
17.0	30.17284114426403	18.78843499429637	20.193057237158545	30.84087520755127	0.004791416729784368
18.0	32.482856863796606	18.23226208312371	18.446217268634467	30.832029515127058	0.006634269318162972
19.0	30.616600047545596	18.523801362605205	19.4817161380444	31.377882451804794	0.0
20.0	30.64792854154803	18.62902824540162	19.14760696377136	31.575436249278983	0.0
21.0	31.114723102184332	17.23288312444599	18.842983430912376	32.809041771939626	3.685705176757206E-4
22.0	29.002261180125938	19.376857825765658	19.23127247128375	32.38831852601279	0.0012899968118650221
23.0	30.165654019169352	18.34817751093272	19.642412883751014	31.843202730370397	5.528557765135809E-4
24.0	31.080998899817004	17.95841418849065	18.4556158168352	32.5027596717511	0.0022114231060543234
25.0	29.477348577409945	18.3242204272838	19.899490819829833	32.298940175476424	0.0
26.0	32.38334282402416	17.951964204431324	20.012826254015113	29.651866717529394	0.0
27.0	28.79807311333359	18.315190449600745	19.92252647718456	32.96402567462226	1.842852588378603E-4
28.0	30.71611408731804	18.392405973053812	20.177208704898487	30.70874267696453	0.00552855776513581
29.0	28.99439034638321	19.277010740164677	18.76911963083909	32.95616214184094	0.0033171407720829433
30.0	30.642483169900615	18.59502533038227	18.975580000331718	31.78562148355506	0.001290015830337118
31.0	31.9742070073789	18.440994567180464	18.964373382870033	30.619135024362915	0.00129001820768556
32.0	30.349929232765227	18.01007695936781	18.69434451848794	32.94564928937902	0.0
33.0	30.148576525572413	18.489318413021362	18.920746900201983	32.44043669924957	9.214619546788152E-4
34.0	29.773686441458874	18.915611581061906	19.568198153369824	31.7425038241094	0.0
35.0	30.857994221156027	18.07834076740245	18.892615655246043	32.17104935619548	0.0
36.0	31.170043061715646	18.148069599535265	18.637147414913922	32.04473992383517	0.0
37.0	29.190152275275928	19.336340966770937	19.431328572271735	32.0421781856814	0.0
38.0	31.177077165156792	18.89403556928004	18.55737995229636	31.371138375604367	3.689376624478645E-4
39.0	29.81084517204029	19.477171700769645	19.13986312062103	31.57193548327573	1.8452329329792945E-4
40.0	30.41743077755555	18.351958247688277	18.646521841105564	32.581134263748	0.002954869902618569
41.0	30.260219887468487	18.485630420477484	20.23127370592454	31.021951778545077	9.242075844171208E-4
42.0	30.05899977805726	18.474883480062143	18.643190056965302	32.819782496116	0.0031441887992897832
43.0	29.912942112518387	18.449240903329663	19.382360832277104	32.252310595897825	0.003145555977018938
44.0	29.85815064575424	18.91188976363377	19.400948870925045	31.829010719686945	0.0
45.0	30.44227072553733	18.251399110347304	19.41568855488846	31.890641609226904	0.0
46.0	30.771068937730973	17.771726546074262	19.71176377967342	31.745255494734504	1.8524178684227588E-4
47.0	29.687876395791406	18.492452627404766	19.656152600350595	32.162221258649	0.001297117804238981
48.0	30.983216096236365	17.90344853152427	18.501589419931232	32.611004531932046	7.414203760854858E-4
49.0	29.88549009719251	17.85509009125935	20.213890258870997	32.044231674892735	0.0012978777844113753
50.0	30.01102016281641	18.36378410870259	19.310330753304193	32.3148649751768	0.0
51.0	30.775544463261728	17.892451793089105	19.301334046409366	32.0306696972398	0.0
52.0	29.796770487475694	18.724368579363986	19.60276177976405	31.87609915339627	0.0
53.0	31.40609211679566	18.28677125997659	18.697093134691645	31.59925044149145	0.010793047044659023
54.0	30.821625668887442	18.458034006395987	18.355035118336968	32.363070149134195	0.0022350572454036977
55.0	30.002087931754463	18.042899540655014	18.198375887370997	33.754958837916845	0.001677802302690449
56.0	28.785298139507987	18.607904992342004	20.361688751420136	32.244921563835604	1.8655289427487823E-4
57.0	28.456972185924954	19.49934664924398	19.11890983759567	32.92458465559081	1.8667164457718873E-4
58.0	30.962743244808227	18.314386793333906	21.208668462322972	29.51382792332722	3.735762076784854E-4
59.0	29.249566179990428	20.990904739109624	20.377386010052657	29.375224389660126	0.006918681187170895
60.0	31.743103803442015	18.924698964400083	19.249049607670557	30.08314762448735	0.0
61.0	28.954437674460486	21.326575021760664	19.481983671999277	30.237003631779576	0.0
62.0	32.22097477588279	17.34583537845579	20.36584654905567	30.066967182131556	3.7611447420136794E-4
63.0	27.546936124578973	20.651139607594363	24.192872354886948	27.607352696844746	0.0016992160949748517
64.0	26.349043457186568	20.90780684348445	18.08059043608658	34.66028719005135	0.002272073191051061
65.0	27.711303244771656	20.129851633399863	18.133653373237042	34.020254424127565	0.004937324463873027
66.0	26.77472884433293	20.51828693251639	16.377935654231514	36.32218989755812	0.006858671361046176
67.0	33.48664980567806	14.369500345057645	17.900176065425224	34.242909113154056	7.646706850111164E-4
68.0	34.6534825323721	16.178143960871896	22.680336816444296	26.488036690311706	0.0
69.0	31.91115419550727	17.45410625163783	20.140050558488053	30.494688994366847	0.0
70.0	33.68236495278203	16.218614217820353	21.684394189928955	28.41462663946866	0.0
71.0	26.925098519473107	20.130256484142166	24.918689751039892	28.025955245344836	0.0
