# Position (bp)	A	C	G	T	N
0.0	25.86930326851912	23.735402818249057	24.323104322580683	26.072189590651142	0.0
1.0	26.03952165574661	19.913956586754196	15.486493385784508	38.56002837171468	0.0
2.0	28.277251976845058	18.860679020711345	18.7329844140475	34.12908458839609	0.0
3.0	22.660436538800578	22.21776642825856	15.571992690012912	39.54980434292795	0.0
4.0	34.01873532009988	13.350744332712566	14.669890996296209	37.960629350891345	0.0
5.0	34.667064866489476	15.048385203379846	22.884013359437542	27.400536570693134	0.0
6.0	30.496000799186067	17.522213983258716	21.18956229697017	30.79222292058505	0.0
7.0	34.682724915279735	17.152685568447847	20.018814171995068	28.145775344277347	0.0
8.0	22.514046706003587	26.860655606105926	22.2435602787875	28.381737409102993	0.0
9.0	27.992383947063438	18.596536503596635	15.8719542180553	37.53912533128463	0.0
10.0	25.80513536511327	16.33021369307806	25.76282131709907	32.1018296247096	0.0
11.0	28.004680946964132	17.709856211917504	19.67566365445668	34.609799186661675	0.0
12.0	26.061980923000444	19.398445987449687	21.538682924711797	33.00089016483807	0.0
13.0	26.362222760034275	20.6094031614231	18.63871973246295	34.38965434607968	0.0
14.0	30.557949612032033	18.22962447174336	20.50578250365253	30.706643412572078	0.0
15.0	29.941743854919185	17.951419714802366	19.9624311192589	32.144405311019554	0.0
16.0	29.40982130699032	17.521322034523173	18.79586920701595	34.272987451470556	0.0
17.0	30.201051191316463	17.62485944374509	19.849795832934433	32.32429353200401	0.0
18.0	30.58967920171777	17.208355062195587	18.88098490168644	33.3209808344002	0.0
19.0	29.567529736084264	18.133817284896157	19.927764045070763	32.37088893394882	0.0
20.0	29.917280674265673	17.34659522355506	19.923411335241312	32.812712766937956	0.0
21.0	28.950110928691075	18.069941862781416	19.611003317454664	33.368943891072846	0.0
22.0	29.575759449750876	18.757872190881784	22.521586645981383	29.144781713385946	0.0
23.0	29.498540474552403	20.052256303253056	21.205795763957063	29.243407458237474	0.0
24.0	31.73350236752926	19.413918324848918	18.438732933304237	30.413846374317583	0.0
25.0	28.894156011347967	21.12303481394841	19.366978036059702	30.615831138643916	0.0
26.0	31.764280545230424	16.73411186583188	21.667718175120456	29.83388941381724	0.0
27.0	26.05598702749759	20.826146704160227	25.24015125072025	27.877715017621934	0.0
28.0	25.824591740197928	19.63029319544202	18.64805546256164	35.89705960179841	0.0
29.0	27.565390248383935	19.71765660092608	17.607710242723037	35.109242907966944	0.0
30.0	26.395671826814944	19.101593642819935	16.684464868137066	37.818269662228055	0.0
31.0	33.9452070886013	14.277935498163757	17.982325029358	33.79453238387695	0.0
32.0	33.91416304467903	15.717324432778565	22.486845199228775	27.88166732331363	0.0
33.0	30.941291034453695	17.86395982715514	20.83431592613777	30.3604332122534	0.0
34.0	33.292541808462275	16.31926330532397	21.719809458274426	28.668385427939324	0.0
35.0	25.93683016861664	20.528193066225185	25.057001914645184	28.477974850512982	0.0
