# Position (bp)	A	C	G	T	N
0.0	23.303516347933375	11.952498457742134	42.37353485502776	22.37045033929673	0.0
1.0	23.142137019781565	19.010158099747958	29.59596731077675	28.25173756969373	0.0
2.0	23.80826620890004	25.115542057308858	29.52594744486993	21.550244288921167	0.0
3.0	26.40570200248897	21.043104423577326	29.358524719990946	23.192668853942756	0.0
4.0	25.833823817932117	19.231901118304886	29.178928781636255	25.75534628212674	0.0
5.0	26.957084321759762	18.218675868018114	27.198619797282724	27.6256200129394	0.0
6.0	20.295160295930952	23.05024660912454	27.350493218249078	29.30409987669544	0.0
7.0	20.78545703995884	23.28245583947865	27.041673812382093	28.890413308180413	0.0
8.0	22.24119729242998	18.965410172017634	28.103458982798234	30.689933552754145	0.0
9.0	23.909582030139322	20.37816320727893	25.243104918965027	30.469149843616716	0.0
10.0	26.43916524478278	20.85838036487728	26.709541934637095	25.99291245570285	0.0
11.0	24.84544695071011	19.916457811194654	27.642916815849144	27.595178422246093	0.0
12.0	27.219902344181524	18.989858818850667	24.15987273811891	29.6303660988489	0.0
13.0	26.27420733359738	19.557649413187132	25.286110358341496	28.882032894873987	0.0
14.0	27.649241945672777	16.785770688566014	26.30093177511055	29.264055590650663	0.0
15.0	26.75519326847226	17.597009879418504	27.37124826264979	28.27654858945945	0.0
16.0	24.853034917487076	17.476450173525038	26.388200297471492	31.282314611516398	0.0
17.0	24.201482479784367	18.197439353099732	26.059636118598384	31.54144204851752	0.0
18.0	23.68914908974256	19.81875050124308	26.903520731413906	29.588579677600453	0.0
19.0	23.346909809003673	19.35573451818939	24.920546761702	32.37680891110494	0.0
20.0	24.731816396216722	18.160940380140815	26.90448131024688	30.20276191339558	0.0
21.0	25.993456276026173	18.610945865556218	26.503569303985724	28.892028554431885	0.0
22.0	25.91109682321653	19.58237133588567	24.281789753631237	30.224742087266566	0.0
23.0	25.86204408007736	20.038104585540463	25.424707359669764	28.675143974712412	0.0
24.0	24.81836593068872	17.48360690563526	23.70519338894475	33.99283377473127	0.0
25.0	26.36377728611491	18.14095066304026	26.507518214230352	28.987753836614477	0.0
26.0	24.902113223549367	20.19930737154569	26.01455933281504	28.8840200720899	0.0
27.0	24.173402961585236	18.77101366335217	24.305028972029472	32.75055440303312	0.0
28.0	25.120036801702078	18.842183951007733	25.716626893993848	30.321152353296338	0.0
29.0	24.450608369911784	19.889621252198282	24.517807866630445	31.141962511259493	0.0
30.0	24.78053530768019	20.444228042790243	24.244941213535924	30.530295435993644	0.0
31.0	23.394251369577407	19.179835219348067	27.56265547040131	29.863257940673215	0.0
32.0	24.039636996447626	19.526542117904246	23.060217744603126	33.373603141045	0.0
33.0	24.532488114104595	19.121164097392306	26.07117130096528	30.27517648753782	0.0
34.0	25.37929835238882	18.40484574475793	23.694010926111087	32.521844976742166	0.0
35.0	25.80461780654189	17.854644044079063	24.14728004198006	32.19345810739899	0.0
36.0	25.49800213690851	18.50914040659807	24.3695388083076	31.623318648185823	0.0
37.0	24.74937343358396	19.044704785218862	26.20067610887684	30.005245672320335	0.0
38.0	25.25143416001285	19.57026289284307	24.671931335483965	30.50637161166012	0.0
39.0	25.985847256070706	18.539507296591008	23.529670845934756	31.94497460140353	0.0
40.0	23.74230587121212	19.816820549242426	24.66116240530303	31.779711174242426	0.0
41.0	25.363816092637464	20.18640464971088	25.827597996224338	28.622181261427322	0.0
42.0	24.56559644059644	18.551587301587304	23.835076960076957	33.0477392977393	0.0
43.0	26.069879591155864	21.004822419702162	23.74965879105881	29.175639198083164	0.0
44.0	26.76995549301806	18.734227551504212	23.1161005154245	31.379716440053222	0.0
45.0	25.51769795692137	20.198303336361256	23.245215624085848	31.03878308263152	0.0
46.0	25.0073990996464	19.704970637257194	24.477779335482968	30.809850927613443	0.0
47.0	26.71459040998499	19.870447902677938	23.79334860573505	29.62161308160202	0.0
48.0	27.972442521829688	20.432588320115357	22.51221661459585	29.082752543459105	0.0
49.0	24.448645242596093	19.905320472428222	22.53889777519267	33.10713650978301	0.0
50.0	25.742915811088295	19.49240246406571	23.076796714579057	31.687885010266942	0.0
51.0	24.499607699113568	22.51640151578385	22.094052050815485	30.8899387342871	0.0
52.0	25.722875287123358	18.710309417646265	23.92244291311985	31.644372382110525	0.0
53.0	24.127877237851663	21.62148337595908	24.70247229326513	29.54816709292413	0.0
54.0	25.359702910441317	20.763451075222385	23.49771137403921	30.37913464029709	0.0
55.0	25.414218876420303	19.99859288704401	23.720406655644283	30.866781580891406	0.0
56.0	24.440146763786217	22.41039637066893	23.75693603484736	29.39252083069749	0.0
57.0	25.458770587041922	20.340827354714964	22.25152616145036	31.948875896792757	0.0
58.0	25.07342624637546	20.997100364792818	23.44401833317744	30.48545505565429	0.0
59.0	25.303388795603727	20.920470157227903	23.433445275530453	30.342695771637917	0.0
60.0	27.0813156161624	19.76717158021152	24.104133576105063	29.047379227521013	0.0
61.0	24.885030130034888	21.971138598160483	24.27846495401205	28.865366317792578	0.0
62.0	24.99034062023386	21.16319267920691	24.20538891713269	29.64107778342654	0.0
63.0	26.129352821829322	20.792099706016316	22.26408844354271	30.81445902861165	0.0
64.0	23.138718451514958	21.207329158496215	24.334239989879183	31.31971240010964	0.0
65.0	25.579594821282637	19.293302937760764	23.68704030280872	31.440061938147878	0.0
66.0	25.31817782849118	20.925129465461247	21.48468357763539	32.27200912841218	0.0
67.0	24.832006387083897	18.39169679093389	25.333215054001908	31.443081767980306	0.0
68.0	26.432423893665515	20.56958454629567	24.18703315054273	28.810958409496084	0.0
69.0	27.23335013979924	19.496264380987306	22.445799147453823	30.824586331759633	0.0
70.0	24.72046783625731	20.212865497076024	24.271345029239765	30.7953216374269	0.0
71.0	25.59928062661208	21.08663243332781	22.404694857900093	30.909392082160014	0.0
72.0	26.26605745999091	18.821615673516252	23.91933593282779	30.992990933665048	0.0
73.0	25.31449583897813	18.90361912134701	23.354944842268242	32.426940197406616	0.0
74.0	26.34179754391115	19.99363961054846	23.00014677821811	30.664416067322275	0.0
75.0	27.01632978193767	19.423976899332867	23.506422383749875	30.053270934979587	0.0
76.0	26.793931731984827	18.649810366624525	23.426042983565107	31.130214917825537	0.0
77.0	26.26622876789655	19.53610099040386	24.134038076666496	30.0636321650331	0.0
78.0	26.84966082978388	18.754272493032552	22.932113372245887	31.463953304937686	0.0
79.0	27.652759084791384	20.156123822341858	23.27052489905787	28.92059219380888	0.0
80.0	26.166756903086085	19.90525175961018	24.009204114780726	29.918787222523008	0.0
81.0	28.058903014091495	18.655378760720293	23.27992719852191	30.0057910266663	0.0
82.0	26.337552035314165	20.45651384348895	23.521358924929455	29.684575196267428	0.0
83.0	26.621617768653948	18.823596498731217	25.113335044050977	29.441450688563854	0.0
84.0	26.52966580678821	19.60812730065795	22.11819947247906	31.744007420074784	0.0
85.0	24.705951540813924	19.992354740061163	25.28816749000235	30.01352622912256	0.0
86.0	24.93606898602438	18.55783526613143	24.561403508771928	31.94469223907226	0.0
87.0	25.72850898494415	20.0734579893152	24.459689169499757	29.738343856240895	0.0
88.0	26.425767364223674	19.065871225000773	24.663843466971656	29.8445179438039	0.0
89.0	25.198637911464246	20.77500315298272	23.45188548366755	30.57447345188548	0.0
90.0	26.020424599722947	20.16043297574176	24.812344963113304	29.00679746142199	0.0
91.0	27.139702732096367	19.3125267771809	24.368058530797878	29.17971195992486	0.0
92.0	25.261050875729772	18.825688073394495	25.367806505421186	30.545454545454547	0.0
93.0	25.476885479600842	20.439888670151383	24.920236236508046	29.162989613739732	0.0
94.0	25.856463260207402	18.63513467264451	23.48129641671515	32.02710565043294	0.0
95.0	24.911624038261593	20.399251403618216	24.19075344839537	30.498371109724822	0.0
96.0	25.14948997537812	19.05733380232149	24.734435455504748	31.05874076679564	0.0
97.0	24.62424849699399	20.147437732608072	24.133982250214714	31.09433152018322	0.0
98.0	25.96101293496083	19.03807615230461	24.991801785388958	30.009109127345603	0.0
99.0	26.59964120197339	17.939901330542682	25.220511287187918	30.239946180296005	0.0
100.0	27.203560695400768	18.271388899456003	25.09985924601514	29.425191159128083	0.0
101.0	27.270636928029436	19.211312945504712	23.530313482026518	29.987736644439334	0.0
102.0	28.50309182125773	18.947614047369036	23.18671489130012	29.362579240073117	0.0
103.0	25.88313882667295	19.438877755511022	25.804550277024635	28.873433140791388	0.0
104.0	25.703691890598833	19.3485367992983	23.734151981500677	31.21361932860218	0.0
105.0	24.412085030857973	19.563551288774153	24.827558388124725	31.196805292243152	0.0
106.0	23.32520325203252	19.573170731707318	24.776422764227643	32.32520325203252	0.0
107.0	25.20008208495793	18.920582803201313	23.985224707572335	31.894110404268417	0.0
108.0	24.06040128477871	20.060067576023023	26.29624994785801	29.583281191340262	0.0
109.0	26.216706766282556	20.07513401713731	23.460385800514963	30.247773416065172	0.0
110.0	26.365613406677753	19.581254530723633	24.041618694298748	30.01151336829986	0.0
111.0	25.016090967603517	19.691053422012445	25.938639776871913	29.35421583351212	0.0
112.0	26.190787466771255	19.270492874885605	24.513008236370766	30.025711421972375	0.0
113.0	25.93952106275127	19.773640971858068	25.42824680999825	28.858591155392414	0.0
114.0	25.383357638428567	19.52803924168103	24.45976401962084	30.628839100269566	0.0
115.0	25.356633380884453	19.17796005706134	25.316512125534953	30.148894436519257	0.0
116.0	24.133562573522756	20.08867975748801	25.549724006877206	30.228033662112026	0.0
117.0	24.48545395680126	18.768789602701077	25.604736136163915	31.14102030433375	0.0
118.0	24.681670817084058	20.32608184936334	25.038763332236996	29.953484001315605	0.0
119.0	24.557107878438718	20.125786163522015	24.542704882615585	30.77440107542369	0.0
120.0	25.334816032490455	18.005124981869166	26.87231059324083	29.787748392399553	0.0
121.0	25.232597788494328	19.835354863851137	25.291051682985042	29.64099566466949	0.0
122.0	25.81073113207547	18.730345911949687	24.808372641509436	30.65055031446541	0.0
123.0	24.322315278259577	19.83745477972149	26.80509440507458	29.035135536944345	0.0
124.0	25.37546618284447	18.707791553270837	24.94204213284951	30.974700131035178	0.0
125.0	24.833929483903937	19.274399591211036	25.150740929994893	30.740929994890138	0.0
126.0	23.44490135859664	20.222789027119877	24.855551506949144	31.47675810733434	0.0
127.0	24.540363482671175	20.36665257819104	25.427937447168215	29.66504649196957	0.0
128.0	24.64045496801006	20.73057363154153	23.91316235577186	30.715809044676547	0.0
129.0	23.323911814584513	20.893159977388354	24.635387224420576	31.147540983606557	0.0
130.0	26.304691618344755	17.313887424588533	26.152404381186667	30.229016575880046	0.0
131.0	23.037386036835343	20.35122070611271	25.06883681086704	31.54255644618491	0.0
132.0	25.028953802599407	17.874147471367905	24.93244112726805	32.16445759876464	0.0
133.0	24.905970047185942	17.951172809956915	26.2258086575942	30.917048485262942	0.0
134.0	23.027270089933275	17.41369306643458	26.595590368436323	32.96344647519582	0.0
135.0	24.715599189652483	18.2717780894499	24.341592644537947	32.67103007635967	0.0
136.0	22.180482511061022	19.701143668085816	26.59654395191585	31.521829868937306	0.0
137.0	22.762698199408764	17.83570724715578	26.677416465107946	32.72417808832751	0.0
138.0	21.924710996937062	17.972532358462605	27.00326054737674	33.09949609722359	0.0
139.0	20.653566851772748	21.134130713370354	27.338744126441693	30.873558308415205	0.0
140.0	19.50226770554716	21.374578439353414	25.119199906965928	34.0039539481335	0.0
141.0	22.61384100848984	20.27270388474402	26.151273475688193	30.96218163107795	0.0
142.0	22.747330960854093	21.8932384341637	24.11387900355872	31.24555160142349	0.0
143.0	24.94929006085193	18.037135278514587	24.637228896863785	32.3763457637697	0.0
144.0	22.084280468613393	20.737891239727226	25.336597307221542	31.84123098443784	0.0
145.0	19.791256400157543	20.57896809767625	24.241827491138242	35.387948011027966	0.0
146.0	17.89522484932777	20.14371812702828	27.306444135373205	34.63143254520167	0.02318034306907742
147.0	15.60421286031042	23.946784922394677	24.916851441241686	35.50443458980045	0.02771618625277162
148.0	19.96533795493934	20.901213171577123	25.753899480069325	33.34488734835355	0.03466204506065858
149.0	21.036585365853657	28.614982578397214	21.907665505226483	28.397212543554005	0.04355400696864112
150.0	18.8580015026296	22.915101427498122	26.746806912096165	31.480090157776107	0.0
