# Position (bp)	A	C	G	T	N
0.0	24.69430506162615	15.820626491937448	21.35480099381303	38.13026745262337	0.0
1.0	29.42709601987626	18.392848443513422	14.86578652506455	37.31426901154577	0.0
2.0	40.38625459681936	8.219478337108205	24.383234699593288	27.011032366479142	0.0
3.0	36.393746042569774	17.363986167259267	8.129170522624324	38.113097267546635	0.0
4.0	34.087422379154994	31.78132229392427	18.66065992938025	15.470595397540485	0.0
5.0	44.72095061848641	11.286159540274667	20.307782214863153	23.685107626375768	0.0
6.0	25.77425009738995	18.48948188546942	29.794020257109466	25.94224776003117	0.0
7.0	14.141733816977869	19.478053411884996	24.493025293960123	41.88718747717701	0.0
8.0	27.207887049659202	17.349074975657256	8.19620253164557	47.24683544303797	0.0
9.0	31.41035003164403	24.98174382941434	15.858526848741542	27.74937929020009	0.0
10.0	21.563663802546067	26.478105299028798	12.667039894847019	39.29119100357813	0.0
11.0	31.45506766624477	18.32586895141661	24.062895531107	26.156167851231622	0.0
12.0	24.059290269191454	20.33782797059826	11.629265443216667	43.97361631699363	0.0
13.0	25.298741755701037	26.66163693445934	19.34581031419601	28.693810995643602	0.0
14.0	15.12349434237742	21.002555055359533	16.989901447864703	46.88404915439834	0.0
15.0	42.61521241909582	16.336561389848654	20.28565866952163	20.762567521533896	0.0
16.0	23.402598666601783	35.29125504890749	10.287605236264538	31.01854104822619	0.0
17.0	22.81564028321857	23.187912114649993	28.494610574466535	25.50183702766491	0.0
18.0	26.689049461109892	19.701724934919593	23.470306303676132	30.138919300294383	0.0
19.0	25.900155702608018	13.11307901907357	16.998345659789802	43.98841961852861	0.0
20.0	31.727073704694718	22.648990513257115	19.630260277304792	25.99367550474337	0.0
21.0	12.324568871159974	13.195339673582565	26.624182132172308	47.85590932308516	0.0
22.0	34.395446695692364	10.123318658331915	14.350691995232651	41.130542650743074	0.0
23.0	29.267818049136462	12.804670396497203	18.83969837022622	39.08781318414011	0.0
24.0	22.756238750790487	12.48479836552026	31.47103176533541	33.287931118353846	0.0
25.0	31.747537395111276	13.841663626413716	12.924723336981636	41.48607564149337	0.0
26.0	37.257095605224116	13.177031398205122	19.162390252207114	30.403482744363647	0.0
27.0	33.41439688715953	19.717898832684824	16.009241245136185	30.858463035019458	0.0
28.0	31.04026845637584	18.568232662192393	23.127614045326332	27.26388483610544	0.0
29.0	37.35745374085151	20.20327278916527	11.972670022126582	30.466603447856638	0.0
30.0	33.61690024305735	23.0206340176863	15.891813621554531	27.470652117701817	0.0
31.0	26.36375678897867	18.59054179361505	22.116836667108224	32.928864750298054	0.0
32.0	27.90805665196192	24.878105409798003	19.651149291850476	27.5626886463896	0.0
33.0	34.330964711550045	17.37022762856799	21.865590750331208	26.433216909550765	0.0
34.0	19.601797487453666	14.038770623544462	29.383015711614785	36.97641617738709	0.0
35.0	27.69082830426421	29.965514954572587	18.071490151866833	24.272166589296372	0.0
36.0	27.286780025539354	26.382821426171116	16.509846091807244	29.82055245648229	0.0
37.0	47.318292353417995	14.17522291272629	14.87773574709538	23.628748986760336	0.0
38.0	44.06519065190652	20.763290966242995	18.26909935766024	16.90241902419024	0.0
39.0	51.22598450270672	16.732123270707287	16.3535364257156	15.688355800870395	0.0
40.0	31.010185827461573	24.851228505713554	17.363367529480485	26.775218137344382	0.0
41.0	23.176286119614726	29.642350481594864	16.769954453819157	30.411408944971253	0.0
42.0	34.13042658318561	13.548070757741485	19.269792177422396	33.05171048165051	0.0
43.0	30.10108274401694	19.781053977386232	6.42454752487115	43.69331575372568	0.0
44.0	30.31025255059375	15.282655962535541	18.18447900986787	36.22261247700284	0.0
45.0	42.008371967412344	21.65908988612324	5.248233334833686	31.08430481163073	0.0
46.0	27.37267430934035	30.15880473595189	14.917308776545763	27.551212178162	0.0
47.0	39.76808997710759	15.313028764805415	22.693341295909228	22.225539962177766	0.0
48.0	32.33466377001971	12.92376092557975	13.868539382610013	40.87303592179053	0.0
49.0	29.973935708079928	11.68804620023509	15.081514795318649	43.25650329636633	0.0
50.0	31.166740674955594	12.327930728241563	10.174289520426289	46.331039076376555	0.0
51.0	49.2329465043872	15.375035380696293	17.990376450608547	17.401641664307952	0.0
52.0	41.29403114765056	21.134950872267897	15.894659447897869	21.676358532183677	0.0
53.0	43.13791706065109	27.54288801837093	5.619343509388086	23.699851411589894	0.0
54.0	12.818194463764085	28.884406732508	19.11948810682988	39.17791069689804	0.0
55.0	41.56213535589265	8.109684947491248	12.376021003500584	37.952158693115514	0.0
56.0	14.78753958317991	25.694086457029236	14.47823845644009	45.04013550335076	0.0
57.0	6.9349246028546085	23.473913394081123	6.112410289492782	63.47875171357149	0.0
58.0	38.26258313490435	16.462763773708843	34.87150012316282	10.403152968223992	0.0
59.0	28.942975133995258	3.8221597399174065	3.980318073982954	63.254547052104385	0.0
60.0	22.35796583234009	20.19268970997219	11.859356376638857	45.589988081048865	0.0
61.0	38.91315388522092	15.89639410868461	4.73336719146775	40.45708481462672	0.0
62.0	45.77501296008295	6.583722135821669	28.387765681700362	19.253499222395025	0.0
63.0	22.528466531871874	20.432052782803023	27.146961796317974	29.892518889007132	0.0
64.0	31.584362139917694	5.849500293944739	17.078189300411523	45.48794826572604	0.0
65.0	4.50436161776368	30.753370340999208	41.8080888183981	22.934179222839017	0.0
66.0	16.899374097255656	3.530733429626063	17.44503290001605	62.12485957310223	0.0
67.0	25.137674117265952	15.61386459345643	18.98283122772919	40.26563006154843	0.0
68.0	14.700544464609798	23.463831993777546	5.755768732175266	56.07985480943739	0.0
69.0	10.210526315789474	27.868421052631582	42.0	19.92105263157895	0.0
70.0	22.891246684350133	6.206896551724138	62.254641909814325	8.647214854111406	0.0
71.0	20.207927225471085	28.07017543859649	28.52501624431449	23.196881091617932	0.0
72.0	18.256880733944953	31.376146788990827	13.577981651376147	36.788990825688074	0.0
73.0	33.70681605975724	31.279178338001866	16.5266106442577	18.487394957983195	0.0
74.0	27.285513361462726	18.846694796061886	19.40928270042194	34.458509142053444	0.0
75.0	27.00729927007299	20.72992700729927	17.080291970802918	35.18248175182482	0.0
76.0	27.379209370424597	18.155197657393852	19.32650073206442	35.13909224011713	0.0
77.0	29.97076023391813	18.71345029239766	19.15204678362573	32.16374269005848	0.0
78.0	32.89855072463768	20.28985507246377	18.84057971014493	27.97101449275362	0.0
79.0	31.73913043478261	20.869565217391305	16.08695652173913	31.30434782608696	0.0
80.0	35.37117903930131	18.777292576419214	17.03056768558952	28.82096069868996	0.0
81.0	32.21574344023323	19.97084548104956	18.367346938775512	29.44606413994169	0.0
82.0	30.54331864904552	19.23641703377386	16.740088105726873	33.480176211453745	0.0
83.0	32.253313696612665	15.61119293078056	20.029455081001473	32.1060382916053	0.0
84.0	35.450516986706056	17.57754800590842	17.2821270310192	29.68980797636632	0.0
85.0	35.90504451038576	20.623145400593472	17.210682492581604	26.26112759643917	0.0
86.0	34.82142857142857	16.666666666666664	20.535714285714285	27.976190476190478	0.0
87.0	33.482142857142854	19.642857142857142	19.642857142857142	27.232142857142854	0.0
88.0	37.5558867362146	18.181818181818183	15.052160953800298	29.210134128166914	0.0
89.0	30.493273542600896	20.92675635276532	18.98355754857997	29.596412556053814	0.0
90.0	35.32934131736527	14.97005988023952	17.664670658682635	32.035928143712574	0.0
91.0	30.33033033033033	19.81981981981982	19.36936936936937	30.48048048048048	0.0
92.0	32.631578947368425	21.052631578947366	15.18796992481203	31.127819548872182	0.0
93.0	36.199095022624434	17.647058823529413	15.082956259426847	31.070889894419306	0.0
94.0	31.46747352496218	19.213313161875945	18.456883509833585	30.862329803328294	0.0
95.0	33.33333333333333	18.333333333333332	20.454545454545457	27.878787878787882	0.0
96.0	32.066869300911854	18.84498480243161	21.27659574468085	27.811550151975684	0.0
97.0	35.920852359208524	15.220700152207002	17.960426179604262	30.898021308980212	0.0
98.0	30.640243902439025	18.29268292682927	20.73170731707317	30.335365853658537	0.0
99.0	28.549618320610687	17.251908396946565	18.3206106870229	35.87786259541985	0.0
100.0	30.793157076205286	15.552099533437014	21.77293934681182	31.88180404354588	0.0
101.0	25.628930817610062	18.867924528301888	21.540880503144656	33.9622641509434	0.0
102.0	30.22151898734177	18.670886075949365	19.462025316455698	31.645569620253166	0.0
103.0	28.980891719745223	17.993630573248407	20.222929936305732	32.802547770700635	0.0
104.0	30.497592295345104	16.211878009630816	19.101123595505616	34.18940609951846	0.0
105.0	26.282051282051285	22.435897435897438	18.269230769230766	33.01282051282051	0.0
106.0	29.146537842190018	19.645732689210952	20.128824476650564	31.07890499194847	0.0
107.0	29.43089430894309	18.3739837398374	24.227642276422763	27.967479674796746	0.0
108.0	30.342577487765087	19.575856443719413	19.73898858075041	30.342577487765087	0.0
109.0	27.062706270627064	20.792079207920793	21.122112211221122	31.02310231023102	0.0
110.0	31.125827814569533	16.721854304635762	18.70860927152318	33.443708609271525	0.0
111.0	29.09698996655518	21.73913043478261	22.5752508361204	26.588628762541806	0.0
112.0	28.95622895622896	23.400673400673398	18.68686868686869	28.95622895622896	0.0
113.0	31.756756756756754	17.905405405405407	18.58108108108108	31.756756756756754	0.0
114.0	31.016949152542374	18.8135593220339	19.152542372881356	31.016949152542374	0.0
115.0	31.217838765008576	15.437392795883362	20.754716981132077	32.59005145797599	0.0
116.0	32.00692041522492	17.99307958477509	17.82006920415225	32.17993079584775	0.0
117.0	29.47368421052631	17.719298245614034	25.087719298245613	27.719298245614034	0.0
118.0	32.685512367491164	16.607773851590103	19.434628975265017	31.272084805653712	0.0
119.0	31.182795698924732	17.741935483870968	19.35483870967742	31.72043010752688	0.0
120.0	25.85895117540687	17.540687160940323	22.24231464737794	34.35804701627486	0.0
121.0	28.000000000000004	15.272727272727273	23.81818181818182	32.90909090909091	0.0
122.0	27.77777777777778	18.333333333333332	22.59259259259259	31.296296296296294	0.0
123.0	32.20973782771536	18.164794007490638	19.662921348314608	29.962546816479403	0.0
124.0	32.7683615819209	14.500941619585687	15.44256120527307	37.28813559322034	0.0
125.0	30.228136882129274	21.292775665399237	15.779467680608365	32.69961977186312	0.0
126.0	29.254302103250478	20.84130019120459	20.84130019120459	29.063097514340345	0.0
127.0	32.751937984496124	18.7984496124031	19.186046511627907	29.26356589147287	0.0
128.0	30.409356725146196	17.93372319688109	17.93372319688109	33.72319688109162	0.0
129.0	29.249011857707508	22.727272727272727	21.34387351778656	26.679841897233203	0.0
130.0	30.738522954091817	20.758483033932134	19.960079840319363	28.542914171656687	0.0
131.0	33.33333333333333	17.073170731707318	20.121951219512198	29.471544715447155	0.0
132.0	32.71604938271605	19.958847736625515	19.34156378600823	27.983539094650205	0.0
133.0	32.78350515463917	19.175257731958766	15.670103092783505	32.371134020618555	0.0
134.0	33.054393305439326	19.246861924686193	17.573221757322173	30.125523012552303	0.0
135.0	30.638297872340424	20.638297872340424	21.06382978723404	27.659574468085108	0.0
136.0	29.059829059829063	19.230769230769234	18.37606837606838	33.33333333333333	0.0
137.0	35.622317596566525	18.669527896995707	19.742489270386265	25.9656652360515	0.0
138.0	32.532751091703055	20.74235807860262	18.12227074235808	28.602620087336245	0.0
139.0	29.372197309417043	17.937219730941703	17.937219730941703	34.753363228699556	0.0
140.0	31.447963800904976	16.7420814479638	19.90950226244344	31.90045248868778	0.0
141.0	36.61327231121281	19.908466819221967	17.162471395881006	26.31578947368421	0.0
142.0	31.554524361948953	20.417633410672853	17.40139211136891	30.62645011600928	0.0
143.0	31.7016317016317	17.482517482517483	16.317016317016318	34.4988344988345	0.0
144.0	28.841607565011824	21.749408983451538	20.33096926713948	29.078014184397162	0.0
145.0	24.637681159420293	22.946859903381643	19.565217391304348	32.850241545893724	0.0
146.0	23.325062034739457	22.332506203473944	25.06203473945409	29.280397022332505	0.0
147.0	27.440633245382585	26.912928759894463	21.63588390501319	24.010554089709764	0.0
148.0	24.85549132947977	26.878612716763005	21.965317919075144	26.300578034682083	0.0
149.0	22.727272727272727	30.165289256198346	22.31404958677686	24.793388429752067	0.0
