# Position (bp)	A	C	G	T	N
0.0	48.03738317757009	10.16822429906542	16.037383177570096	25.75700934579439	0.0
1.0	17.027632561613142	46.601941747572816	15.795369678864823	20.575056011949215	0.0
2.0	26.151012891344383	44.56721915285451	13.333333333333334	15.948434622467772	0.0
3.0	51.04052573932092	15.845198977729098	12.595837897042717	20.518437385907266	0.0
4.0	54.02843601895735	13.926358002187387	12.176449143273787	19.86875683558148	0.0
5.0	21.667880553532413	42.170429715950476	17.953386744355427	18.20830298616169	0.0
6.0	21.213221939702144	39.52052306574646	17.544496912459135	21.72175808209226	0.0
7.0	50.81610446137106	12.005803409503082	13.384113166485308	23.79397896264055	0.0
8.0	49.2040520984081	17.0767004341534	12.807525325615051	20.911722141823443	0.0
9.0	17.022045536682327	47.271413082761114	13.661004698229128	22.04553668232743	0.0
10.0	18.930635838150287	10.476878612716762	17.160404624277454	53.4320809248555	0.0
11.0	18.664259927797833	19.169675090252706	12.310469314079423	49.855595667870034	0.0
12.0	20.699603317706455	11.107104219257122	17.598269022719077	50.59502344031734	0.0
13.0	23.603603603603602	40.14414414414414	16.36036036036036	19.89189189189189	0.0
14.0	15.83873290136789	15.550755939524837	46.97624190064795	21.634269258459323	0.0
15.0	45.4904779015451	12.25296442687747	19.834710743801654	22.421846927775782	0.0
16.0	15.326633165829145	13.962670495333812	13.926776740847094	56.78391959798995	0.0
17.0	18.622174381054897	45.353426623609614	16.397560100466453	19.626838894869035	0.0
18.0	17.748296880602364	17.569021154535676	14.198637504481892	50.48404446038006	0.0
19.0	21.692362854069557	42.88275367515239	14.772319827895302	20.652563642882754	0.0
20.0	17.453505007153076	20.851216022889844	13.01859799713877	48.67668097281831	0.0
21.0	18.756698821007504	15.541264737406216	17.970703822793855	47.73133261879243	0.0
22.0	17.886469118172084	15.315958586219208	40.69975008925384	26.097822206354877	0.0
23.0	26.374018558172736	11.134903640256958	14.596716630977873	47.89436117059244	0.0
24.0	46.52158401712451	15.982875490545844	15.875847306457366	21.61969318587228	0.0
25.0	18.49607982893799	13.435495367070564	47.43406985032074	20.634354953670705	0.0
26.0	53.59942979330007	9.764789736279402	11.332858161083392	25.302922309337134	0.0
27.0	15.32430506058446	15.25302922309337	20.099786172487526	49.32287954383464	0.0
28.0	17.955112219451372	39.40149625935162	14.855717848236552	27.787673672960455	0.0
29.0	22.685185185185187	14.77920227920228	10.042735042735043	52.49287749287749	0.0
30.0	20.050125313283207	10.597923379878267	40.38668098818475	28.96527031865378	0.0
31.0	22.278849654168184	12.304331998543866	11.68547506370586	53.73134328358209	0.0
32.0	19.911991199119914	10.34103410341034	13.421342134213422	56.32563256325632	0.0
33.0	21.76795580110497	41.39963167587477	15.837937384898712	20.994475138121548	0.0
34.0	19.661266568483065	12.48159057437408	17.562592047128128	50.29455081001473	0.0
35.0	27.38665683744932	41.31957242904534	11.463324732768152	19.830446000737194	0.0
36.0	17.16500553709856	14.802510151347361	17.05426356589147	50.978220745662604	0.0
37.0	56.303142329020325	13.863216266173753	11.238447319778189	18.595194085027728	0.0
38.0	49.98150203477618	17.203107658157602	10.654827968923417	22.160562338142803	0.0
39.0	47.76174620791713	12.430632630410656	11.24676285608583	28.560858305586382	0.0
40.0	19.50315164998146	46.49610678531702	11.642565813867261	22.35817575083426	0.0
41.0	18.58949789191261	14.373323112303565	45.879647374472974	21.157531621310845	0.0
42.0	47.17850287907869	10.9404990403071	20.57581573896353	21.30518234165067	0.0
43.0	49.730769230769226	11.576923076923077	12.307692307692308	26.384615384615383	0.0
44.0	23.745173745173744	43.513513513513516	14.594594594594595	18.146718146718147	0.0
45.0	31.606765327695562	13.530655391120508	22.727272727272727	32.1353065539112	0.0
46.0	34.58646616541353	17.61546723952739	16.165413533834585	31.63265306122449	0.0
47.0	30.50561797752809	13.93258426966292	25.955056179775283	29.606741573033705	0.0
48.0	25.688589094997187	16.41371557054525	26.8690275435638	31.02866779089376	0.0
49.0	30.20361990950226	18.099547511312217	20.361990950226243	31.334841628959275	0.0
50.0	23.372948500282966	20.656479909451047	26.37238256932654	29.598189020939447	0.0
51.0	27.635327635327634	16.068376068376068	24.045584045584047	32.25071225071225	0.0
52.0	23.475783475783476	20.0	17.54985754985755	38.97435897435898	0.0
53.0	27.57834757834758	23.760683760683758	17.37891737891738	31.28205128205128	0.0
54.0	30.36739380022962	18.312284730195177	16.016073478760045	35.304247990815156	0.0
55.0	28.250863060989644	18.181818181818183	18.354430379746837	35.21288837744534	0.0
56.0	30.804863925883037	17.8343949044586	18.87666473653735	32.48407643312102	0.0
57.0	27.362318840579707	20.17391304347826	19.014492753623188	33.44927536231884	0.0
58.0	23.969820081253626	27.21996517701683	19.50087057457922	29.30934416715032	0.0
59.0	31.279069767441857	20.290697674418603	20.290697674418603	28.13953488372093	0.0
60.0	28.479906814210832	16.13278974956319	24.752475247524753	30.634828188701224	0.0
61.0	31.391962725684337	19.801980198019802	20.442632498543972	28.363424577751893	0.0
62.0	25.582750582750585	19.813519813519815	28.088578088578085	26.515151515151516	0.0
63.0	29.054842473745623	19.778296382730456	25.437572928821474	25.72928821470245	0.0
64.0	30.081775700934582	24.415887850467293	19.100467289719624	26.401869158878505	0.0
65.0	36.124121779859486	17.915690866510538	20.2576112412178	25.702576112412178	0.0
66.0	27.90152403282532	20.691676436107855	22.21570926143025	29.191090269636575	0.0
67.0	28.487690504103163	16.588511137162953	23.270808909730363	31.652989449003517	0.0
68.0	23.600240818783867	18.663455749548465	19.26550270921132	38.47080072245635	0.0
69.0	24.27536231884058	25.845410628019323	20.22946859903382	29.64975845410628	0.0
70.0	33.63581367211131	19.056261343012704	16.75741076830006	30.550514216575923	0.0
71.0	32.54688445251059	18.753781004234725	19.237749546279492	29.461584996975198	0.0
72.0	25.86311326468807	25.37855844942459	18.23137492428831	30.52695336159903	0.0
73.0	31.79611650485437	16.868932038834952	20.145631067961165	31.18932038834951	0.0
74.0	28.944174757281555	15.8373786407767	20.691747572815533	34.52669902912621	0.0
75.0	27.64277035236938	25.759416767922232	20.17010935601458	26.4277035236938	0.0
76.0	27.76427703523694	18.347509113001216	15.97812879708384	37.91008505467801	0.0
77.0	28.336380255941503	19.683120048750762	17.184643510054844	34.795856185252894	0.0
78.0	34.63892288861689	18.482252141982862	18.176254589963282	28.702570379436963	0.0
79.0	33.6402701043585	20.38060159607121	16.758747697974215	29.22038060159607	0.0
80.0	36.40836408364084	14.452644526445265	19.68019680196802	29.45879458794588	0.0
81.0	26.014760147601475	17.650676506765066	24.661746617466175	31.67281672816728	0.0
82.0	35.98765432098766	16.48148148148148	20.98765432098765	26.543209876543212	0.0
83.0	26.621371216800494	18.468190240889438	20.93885114268067	33.9715873996294	0.0
84.0	25.50957381099444	18.344657195799876	26.744904261890056	29.40086473131563	0.0
85.0	34.736138944555776	16.03206412825651	20.57448229792919	28.65731462925852	0.0
86.0	32.79893119572478	15.16366065464262	23.446893787575153	28.59051436205745	0.0
87.0	31.951871657754012	18.516042780748663	21.59090909090909	27.941176470588236	0.0
88.0	34.62566844919786	16.510695187165776	18.181818181818183	30.681818181818183	0.0
89.0	31.684491978609625	16.443850267379677	17.245989304812834	34.62566844919786	0.0
90.0	30.614973262032088	18.38235294117647	19.184491978609625	31.818181818181817	0.0
91.0	30.614973262032088	19.518716577540108	16.911764705882355	32.95454545454545	0.0
92.0	30.88235294117647	19.050802139037433	16.97860962566845	33.088235294117645	0.0
93.0	32.486631016042786	16.176470588235293	19.719251336898395	31.61764705882353	0.0
94.0	31.684491978609625	16.31016042780749	19.385026737967912	32.62032085561498	0.0
95.0	30.013368983957218	16.510695187165776	21.323529411764707	32.1524064171123	0.0
96.0	29.879679144385022	18.24866310160428	18.850267379679146	33.02139037433155	0.0
97.0	30.3475935828877	18.38235294117647	18.048128342245988	33.22192513368984	0.0
98.0	30.702341137123746	21.20401337792642	18.729096989966553	29.36454849498328	0.0
99.0	31.191432396251674	18.808567603748326	16.934404283801875	33.065595716198125	0.0
100.0	33.02076356329538	15.07032819825854	19.29002009377093	32.618888144675154	0.0
101.0	30.74346952444742	18.151373074346953	19.892833221701274	31.212324179504353	0.0
102.0	31.073825503355707	16.040268456375838	20.335570469798657	32.5503355704698	0.0
103.0	25.319865319865322	18.72053872053872	21.07744107744108	34.88215488215488	0.0
104.0	26.401080351114114	16.948008102633356	22.88993923024983	33.7609723160027	0.0
105.0	28.40677966101695	19.389830508474574	19.389830508474574	32.813559322033896	0.0
106.0	30.706521739130434	17.934782608695652	19.633152173913043	31.72554347826087	0.0
107.0	32.15258855585831	17.847411444141688	19.005449591280655	30.994550408719345	0.0
108.0	34.106412005457024	17.121418826739426	17.053206002728512	31.71896316507503	0.0
109.0	29.391660970608342	19.41216678058783	19.41216678058783	31.78400546821599	0.0
110.0	25.649794801641583	20.7250341997264	20.656634746922027	32.968536251709985	0.0
111.0	27.534246575342465	17.26027397260274	20.273972602739725	34.93150684931507	0.0
112.0	26.593557230980124	18.1631254283756	21.45305003427005	33.790267306374226	0.0
113.0	30.610844200411808	18.668496911461908	18.668496911461908	32.05216197666438	0.0
114.0	29.876373626373624	16.895604395604398	19.29945054945055	33.92857142857143	0.0
115.0	26.960110041265473	18.844566712517192	19.119669876203577	35.075653370013754	0.0
116.0	29.152308752584428	19.021364576154376	19.917298414886286	31.909028256374917	0.0
117.0	30.386740331491712	18.370165745856355	18.715469613259668	32.527624309392266	0.0
118.0	28.116343490304708	16.966759002770083	20.221606648199447	34.69529085872576	0.0
119.0	22.85318559556787	21.88365650969529	28.670360110803323	26.59279778393352	0.0
120.0	27.739251040221912	22.607489597780862	21.428571428571427	28.224687933425795	0.0
121.0	31.38888888888889	19.166666666666668	18.61111111111111	30.833333333333336	0.0
122.0	30.737134909596662	17.80250347705146	21.21001390820584	30.250347705146037	0.0
123.0	31.61200279134683	17.65526866713189	19.74877878576413	30.983949755757152	0.0
124.0	30.02099370188943	18.68439468159552	19.94401679496151	31.350594821553535	0.0
125.0	29.321203638908326	19.454163750874738	19.94401679496151	31.280615815255423	0.0
126.0	31.626928471248245	17.882187938288922	18.723702664796633	31.7671809256662	0.0
127.0	29.55665024630542	18.93033075299085	21.04152005629838	30.47149894440535	0.0
128.0	30.633802816901408	17.816901408450704	20.704225352112676	30.84507042253521	0.0
129.0	30.51444679351656	18.886539816772373	17.12473572938689	33.47427766032417	0.0
130.0	31.40437544107269	19.407198306280875	15.525758645024702	33.662667607621735	0.0
131.0	30.45325779036827	19.61756373937677	20.042492917847028	29.886685552407933	0.0
132.0	29.320113314447593	17.91784702549575	22.096317280453256	30.665722379603398	0.0
133.0	28.14498933901919	22.388059701492537	19.616204690831555	29.850746268656714	0.0
134.0	24.44761225944405	21.73913043478261	21.240199572344977	32.57305773342837	0.0
135.0	28.336902212705212	17.84439685938615	19.8429693076374	33.97573162027123	0.0
136.0	25.448028673835125	17.634408602150536	21.21863799283154	35.6989247311828	0.0
137.0	28.98341744772891	15.428983417447728	20.115356885364093	35.47224224945926	0.0
138.0	29.148629148629148	16.666666666666664	20.995670995670995	33.18903318903319	0.0
139.0	29.10014513788099	17.634252539912918	20.972423802612482	32.29317851959361	0.0
140.0	30.080116533139112	17.26147123088128	21.704297159504733	30.954115076474874	0.0
141.0	31.871345029239766	16.15497076023392	19.22514619883041	32.748538011695906	0.0
142.0	31.039531478770133	16.178623718887263	18.594436310395317	34.18740849194729	0.0
143.0	31.718061674008812	19.530102790014684	19.383259911894275	29.368575624082233	0.0
144.0	32.450331125827816	16.92420897718911	17.954378219278883	32.671081677704194	0.0
145.0	27.61413843888071	20.029455081001473	20.544918998527244	31.81148748159057	0.0
146.0	29.83751846381093	19.054652880354507	18.46381093057607	32.64401772525849	0.0
147.0	29.970326409495552	20.10385756676558	17.433234421364986	32.49258160237389	0.0
148.0	25.297619047619047	20.833333333333336	20.386904761904763	33.482142857142854	0.0
149.0	29.47761194029851	19.701492537313435	17.388059701492537	33.43283582089553	0.0
150.0	28.83895131086142	19.325842696629213	18.426966292134832	33.40823970037453	0.0
151.0	27.7027027027027	20.795795795795797	20.345345345345343	31.156156156156158	0.0
152.0	29.345372460496616	19.63882618510158	17.531978931527465	33.48382242287434	0.0
153.0	30.612244897959183	18.140589569160998	18.367346938775512	32.87981859410431	0.0
154.0	31.890660592255127	15.489749430523919	20.121488230827637	32.498101746393324	0.0
155.0	31.631097560975608	19.51219512195122	16.996951219512198	31.859756097560975	0.0
156.0	30.587337909992375	16.552250190694124	18.84057971014493	34.019832189168575	0.0
157.0	29.97694081475788	18.447348193697156	20.67640276710223	30.899308224442734	0.0
158.0	29.067077872012337	21.04857363145721	17.347725520431766	32.53662297609869	0.0
159.0	34.52012383900929	13.93188854489164	20.588235294117645	30.959752321981426	0.0
160.0	28.293063133281372	17.069368667186282	21.356196414653155	33.28137178487919	0.0
161.0	28.883684621389538	19.28181108508977	22.560499609679937	29.274004683840747	0.0
162.0	30.883502736512902	18.451915559030493	20.562939796716183	30.101641907740422	0.0
163.0	28.134796238244515	17.946708463949843	18.181818181818183	35.73667711598746	0.0
164.0	29.74036191974823	14.870180959874116	24.862313139260426	30.527143981117234	0.0
165.0	30.410742496050553	20.14218009478673	21.721958925750396	27.72511848341232	0.0
166.0	29.219745222929937	19.98407643312102	20.222929936305732	30.573248407643312	0.0
167.0	27.149681528662423	19.26751592356688	22.531847133757964	31.050955414012737	0.0
168.0	28.594249201277954	19.728434504792332	18.210862619808307	33.466453674121404	0.0
169.0	27.622097678142516	17.053642914331466	21.056845476381106	34.267413931144915	0.0
170.0	28.869286287089015	17.963111467522054	18.043303929430635	35.1242983159583	0.0
171.0	29.790660225442835	18.115942028985508	16.74718196457327	35.34621578099839	0.0
172.0	29.159935379644587	20.678513731825525	16.80129240710824	33.360258481421646	0.0
173.0	28.398058252427184	19.82200647249191	19.01294498381877	32.76699029126214	0.0
174.0	30.381803411860275	20.471161657189278	17.303005686433796	31.84402924451665	0.0
175.0	28.687856560717194	19.23390383048085	21.76039119804401	30.317848410757946	0.0
176.0	28.37285363859362	18.233851185609158	18.969746524938675	34.42354865085854	0.0
177.0	27.72764561115669	22.149302707136997	18.293683347005743	31.829368334700575	0.0
178.0	26.112026359143325	21.33443163097199	21.499176276771003	31.054365733113677	0.0
179.0	25.971877584780813	19.602977667493796	23.49048800661704	30.934656741108352	0.0
180.0	29.684908789386398	17.91044776119403	20.149253731343283	32.25538971807628	0.0
181.0	26.71118530884808	19.36560934891486	21.202003338898166	32.7212020033389	0.0
182.0	33.41729638958858	19.815281276238455	18.723761544920233	28.043660789252726	0.0
183.0	29.81418918918919	23.31081081081081	20.777027027027025	26.097972972972972	0.0
184.0	27.489361702127656	23.23404255319149	19.319148936170212	29.95744680851064	0.0
185.0	27.71599657827203	22.241231822070144	22.583404619332764	27.45936698032506	0.0
186.0	28.841201716738198	17.081545064377682	23.34763948497854	30.72961373390558	0.0
187.0	31.810344827586206	21.551724137931032	17.93103448275862	28.706896551724135	0.0
188.0	29.289428076256502	19.844020797227035	20.797227036395146	30.06932409012132	0.0
189.0	29.53953084274544	19.635099913119028	19.02693310165074	31.7984361424848	0.0
190.0	30.823117338003502	16.81260945709282	20.577933450087567	31.78633975481611	0.0
191.0	28.144239226033424	19.261213720316622	20.932277924362356	31.6622691292876	0.0
192.0	29.38053097345133	21.5929203539823	19.469026548672566	29.557522123893804	0.0
193.0	29.29652715939448	17.45325022261799	20.56990204808549	32.68032056990205	0.0
194.0	28.52017937219731	19.82062780269058	23.139013452914796	28.52017937219731	0.0
195.0	29.86425339366516	18.733031674208146	20.09049773755656	31.312217194570135	0.0
196.0	27.07383773928897	19.234275296262535	21.969006381039197	31.722880583409296	0.0
197.0	29.704797047970477	18.634686346863468	21.771217712177123	29.88929889298893	0.0
198.0	26.400759734093064	23.55175688509022	20.892687559354226	29.154795821462486	0.0
199.0	27.21774193548387	22.883064516129032	19.556451612903224	30.34274193548387	0.0
200.0	27.218934911242602	16.21301775147929	21.06508875739645	35.50295857988166	0.0
201.0	32.60135135135135	18.75	17.22972972972973	31.41891891891892	0.0
202.0	38.20033955857385	17.996604414261462	16.6383701188455	27.164685908319186	0.0
203.0	35.09369676320272	17.88756388415673	20.10221465076661	26.916524701873932	0.0
204.0	34.310344827586206	19.310344827586206	24.655172413793103	21.72413793103448	0.0
205.0	33.91304347826087	17.217391304347824	23.82608695652174	25.043478260869566	0.0
206.0	28.19614711033275	20.31523642732049	22.241681260945708	29.246935201401055	0.0
207.0	25.528169014084508	23.943661971830984	17.95774647887324	32.57042253521127	0.0
208.0	26.95035460992908	15.602836879432624	23.04964539007092	34.39716312056738	0.0
209.0	22.816399286987522	21.21212121212121	21.74688057040998	34.22459893048128	0.0
210.0	24.416517055655294	17.953321364452425	20.287253141831236	37.34290843806104	0.0
211.0	31.40794223826715	20.397111913357403	19.133574007220215	29.061371841155236	0.0
212.0	28.57142857142857	15.913200723327305	22.965641952983727	32.5497287522604	0.0
213.0	26.0	21.09090909090909	17.454545454545457	35.45454545454545	0.0
214.0	27.97074954296161	24.49725776965265	19.195612431444243	28.336380255941503	0.0
215.0	28.256880733944957	21.467889908256883	17.79816513761468	32.477064220183486	0.0
216.0	34.011090573012936	18.299445471349355	17.56007393715342	30.129390018484287	0.0
217.0	26.716141001855288	17.25417439703154	24.675324675324674	31.3543599257885	0.0
218.0	26.22641509433962	17.92452830188679	18.867924528301888	36.9811320754717	0.0
219.0	21.084337349397593	20.883534136546185	25.903614457831324	32.1285140562249	0.0
220.0	0.0	27.810650887573964	26.331360946745562	45.857988165680474	0.0
