# Position (bp)	A	C	G	T	N
0.0	27.09968296866067	23.8789130849055	23.766089773573793	25.25531417286004	0.0
1.0	27.16544949154883	19.976562904645984	15.208862070751541	37.64912553305364	0.0
2.0	28.025102370875054	20.026409965245517	17.808015897594714	34.14047176628471	0.0
3.0	23.822261309766404	21.9273257684635	14.944336000343208	39.305647911795624	4.2900963126622197E-4
4.0	33.99650556778108	14.190303271378804	14.454417334436839	37.35706296607578	0.001710860327501438
5.0	35.713187564058764	14.878501879057055	22.237999658353264	27.16283737615306	0.0074735223778612915
6.0	32.349229627987484	17.532891090628492	20.019440489081777	30.093749200637788	0.004689591664463979
7.0	35.38867945413095	17.011045525274433	20.300010856076103	27.299199843331923	0.0010643211865904046
8.0	23.522332970472174	26.54782963668526	21.82971322628929	28.098848482786774	0.0012756837664988435
9.0	28.90625829678324	18.11879400613829	16.116521351273853	36.85842634580462	0.0
10.0	27.039031926723883	17.170270201441415	24.572372051171044	31.21811359835655	2.1222230711114506E-4
11.0	28.330067937202614	18.667675970925252	19.53109759717734	33.470310339855644	8.481548391474346E-4
12.0	26.385860986993613	19.903008269085316	21.092205703825645	32.6123572295704	0.0065678105250222985
13.0	27.57160789925466	21.00681838869261	18.287506959159526	33.133643381971595	4.233709216149907E-4
14.0	31.42004957673492	18.419387001242594	20.323286035745205	29.836642329894858	6.350563824224861E-4
15.0	29.92343336882593	18.701987091420598	19.07709372797148	32.29727412632118	2.1168546080749536E-4
16.0	30.75239363334808	17.387420379806056	18.78158082468422	33.07648830755357	0.0021168546080749537
17.0	30.122841072906592	18.332384276850714	20.16558036744362	31.376865742730192	0.002328540068882449
18.0	31.70349640875616	17.893560316596773	18.387210811199857	32.00726504501492	0.008467418432299815
19.0	30.469158486787652	18.216380644328208	19.759567653614845	31.554681529808487	2.1168546080749536E-4
20.0	30.278006515678484	17.940131117974424	19.758085855389194	32.023776510957894	0.0
21.0	29.86013941604449	17.448809163440227	19.228025461527228	33.46281427352725	2.1168546080749536E-4
22.0	28.774193002102038	18.746441038190174	19.797247665638583	32.68127155222598	8.467418432299814E-4
23.0	29.837700757198892	17.380434759599407	19.904360508807173	32.8768689180121	6.350563824224861E-4
24.0	31.05743238237168	17.6314937161171	18.451774876746143	32.858028912000236	0.0012701127648449722
25.0	29.495405367073175	17.873873568741676	19.16092117045125	33.4697998937339	0.0
26.0	31.47339431285841	17.54935975732379	20.15901811815859	30.818016126198405	2.1168546080749536E-4
27.0	29.02990903875749	18.200080863846026	19.77692586140106	32.99308423599542	0.0
28.0	30.310394391182033	17.78665915888899	19.884462075491268	32.01573246344721	0.0027519109904974395
29.0	29.352094310106498	18.347202259107238	19.228872203370457	33.07034942919015	0.0014817982256524675
30.0	30.156478886358055	18.223905367530634	19.01476727152643	32.60357835375405	0.0012701208308283727
31.0	30.34911387903369	18.329113709684247	19.257995410630063	32.06144844579548	0.0023285548565186833
32.0	29.07225355213467	18.42537553557215	19.46942369896188	33.032735524733695	2.1168859760537856E-4
33.0	29.701517813670907	17.746565337962277	19.40917462266348	33.14104870975253	0.0016935159508033616
34.0	29.76893847179737	18.021105665929273	19.22309133439885	32.98665283614001	2.116917344962266E-4
35.0	30.377512797043966	17.383640123394013	19.208913861486828	33.02993321807519	0.0
36.0	31.00990728476821	17.32980132450331	18.937854304635763	32.72243708609272	0.0
37.0	28.972899642830647	18.818691509543946	19.425137515500303	32.78263542229712	6.359098279863915E-4
38.0	30.782197889344303	17.92742686177262	19.080293549502024	32.20817333076057	0.0019083686204827326
39.0	29.83928287275235	18.676072773563888	19.53004826818013	31.954383917678886	2.1216782474937676E-4
40.0	29.929293852369305	18.57508091784103	19.224761390660497	32.26895113901292	0.0019127001162496627
41.0	29.394432912874553	18.185746979615732	20.423865027409654	31.994251955931663	0.001703124168396402
42.0	29.184209909205062	18.487930604439764	19.318494326115644	33.00787287429196	0.0014922859475695993
43.0	29.50605929337052	18.521016006606647	20.048696275652503	31.921240922796557	0.0029875015737731506
44.0	29.58848053035351	18.91178430467989	19.57963845746408	31.91988313086268	2.135766398414407E-4
45.0	29.399530602735158	18.584155918552305	19.724517670797763	32.291368305852075	4.275020626974525E-4
46.0	30.139523741281103	17.701526568973666	19.404558959101127	32.754176835593846	2.1389505025464205E-4
47.0	29.969737050496747	18.411601796086792	19.42243567518053	32.194727312418934	0.0014981658169926247
48.0	30.592468063690585	17.906177387058435	18.63410037584726	32.866183383481996	0.0010707899217252566
49.0	29.037048784042106	18.09021318909281	20.000300024859204	32.871152181180726	0.0012858208251540842
50.0	29.854596018986634	18.310043518192664	19.24263752864733	32.592722934173366	0.0
51.0	30.22123589320121	18.158847715386734	19.227179672447015	32.39273671896504	0.0
52.0	29.726490936914026	18.13134469901071	19.801064724012328	32.34088410888635	2.1553117658469297E-4
53.0	31.353755559731876	17.85270679826409	19.107764291130135	31.67648462932601	0.009288721547889841
54.0	30.032441182772196	18.49017566716515	19.12558135508487	32.3494211878364	0.0023806071413885865
55.0	28.942848964793438	18.358978584624992	18.24426885012707	34.45303623006132	8.673703931789992E-4
56.0	29.399868800041705	18.14143529278878	20.27951673233905	32.17744142703849	0.001737747791974212
57.0	28.185842151627533	18.747784097706337	19.539744858562898	33.52510630893212	0.0015225831711057215
58.0	30.578940833854283	17.722834172299102	21.913887479116614	29.784119695837695	2.1781889230380508E-4
59.0	29.388301064194238	20.495067436790965	20.95897495204907	29.151983171896717	0.005673375069007879
60.0	31.155415978202587	18.601332793504547	19.77546040465274	30.467571974131992	2.1884950813573045E-4
61.0	29.12115171844541	21.084104599497724	19.35665864666936	30.43786550991377	2.195254737359723E-4
62.0	30.72837549137842	16.671259846859698	21.562225098165445	31.03769861829791	4.409452985309907E-4
63.0	26.307688895788516	20.28387039542259	25.06753010578608	28.339136413031422	0.0017741899713911867
64.0	26.41291965123719	19.743979026076953	18.007521897997357	35.83335005361638	0.002229371072126842
65.0	27.699108900469625	19.365010402506456	18.575360504515963	34.35492142692379	0.005598765584164003
66.0	26.688603697485043	19.568221615027618	17.15004658993207	36.58637593348668	0.006752164068583981
67.0	33.52667951118468	14.033540473799896	17.734932566280428	34.70371676933235	0.0011306794026394581
68.0	34.49753094043837	15.450205964625777	22.94292687054992	27.109336224385938	0.0
69.0	31.92917451254328	16.976296497039982	20.400758811133592	30.69377017928315	0.0
70.0	32.91906057857071	16.162937203910896	22.12856566878339	28.789436548735008	0.0
71.0	25.978799441186112	19.997645089534334	25.33565429914364	28.687901170135916	0.0
