# Position (bp)	A	C	G	T	N
0.0	26.645294805430066	23.78699134329833	25.739003463778538	23.828161452701032	5.489347920360541E-4
1.0	26.246445549363884	20.779823273533054	15.317021520458898	37.65616386767892	5.457889652387008E-4
2.0	27.289036761587894	20.490154505224474	17.70231920931598	34.51794587424297	5.436496286873036E-4
3.0	23.667177606742243	21.57376765045199	15.65913977912223	39.098831698505634	0.001083265177899224
4.0	32.82773564463705	15.649272596928682	14.573395212453441	36.94797949580376	0.0016170501770669946
5.0	34.773652591552775	15.10560369169208	22.15821998483308	27.957683226573298	0.00484050534875841
6.0	31.84066272645922	17.125434699903014	21.427691120601427	29.605675613402422	5.358396339143621E-4
7.0	35.12646251432531	17.88491777937688	19.79584765864449	27.192772047653314	0.0
8.0	25.584513712260687	26.64499239094576	21.08825438717848	26.68223950961508	0.0
9.0	27.890396976028324	19.20870614629686	16.5813383520205	36.31636868211614	0.0031898435381744524
10.0	26.65738664739823	17.56048836986898	25.48587276456024	30.29465832173331	0.0015938964392353547
11.0	27.31670277388386	19.692239072256914	20.308185718533622	32.6828724353256	0.0
12.0	26.640307814780417	21.33634071911901	20.28764760514794	31.735703860952636	0.0
13.0	25.83652882305208	22.725898582316344	18.941696234891033	32.495345988002995	5.303717375508494E-4
14.0	29.862050311063026	20.08835993147597	19.635952839345098	30.413106546378355	5.303717375508494E-4
15.0	29.0983150089898	18.703559324730705	20.110105172715556	32.08802049356394	0.0
16.0	29.836062095923033	17.786016218767735	19.17028645377545	33.20710485979623	5.303717375508494E-4
17.0	29.19272117827385	18.150911974202717	22.01148785183535	30.644878995688078	0.0
18.0	32.89630702159143	18.091510339597022	17.854434172911795	31.157748465899747	0.0
19.0	31.174189989763825	18.785766944051087	19.734071610792004	30.30597145539308	0.0
20.0	30.372267922586943	16.875367945392927	21.101369950198094	31.65046381008449	5.303717375508494E-4
21.0	28.54831951714957	17.40255745251847	19.714978228240174	34.333084058616684	0.0010607434751016987
22.0	28.02431224044933	19.852344508265844	20.121773350941673	32.00156990034315	0.0
23.0	29.762870796141016	17.14055381416835	20.213527661537974	32.88198698467756	0.0010607434751016987
24.0	29.84083544156099	17.623192095339625	19.94409881886214	32.590812900762145	0.0010607434751016987
25.0	27.884824473473458	18.80857292876577	19.18937983632728	34.11722276143349	0.0
26.0	30.042376701830314	17.386115928654394	22.112258481970013	30.459248887545282	0.0
27.0	29.33486080393748	18.062870265769277	20.31164643298488	32.290092125570816	5.303717375508494E-4
28.0	29.96176019772258	17.129416007679783	21.26048147146335	31.647811951396733	5.303717375508494E-4
29.0	29.899334910313662	18.14570449651544	19.06378284344404	32.89117774972686	0.0
30.0	29.830154250917655	17.39141966009633	19.125946829050942	33.651418387048864	0.0010608728862107743
31.0	29.605228258909154	18.530719203878757	19.73169101499093	32.131831057640284	5.304645808799347E-4
32.0	28.515119363395225	19.26737400530504	18.96551724137931	33.250928381962865	0.0010610079575596818
33.0	29.630042285429305	17.32270096190067	19.92296305728429	33.124293695385745	0.0
34.0	29.12766634829672	18.83954154727794	18.92444019951183	33.10729067176059	0.0010612331529236973
35.0	30.53580551771117	17.470623297002724	20.579657697547685	31.41391348773842	0.0
36.0	31.272405729474624	18.163755586450826	18.288934699117355	32.27437130788202	5.326770751767156E-4
37.0	28.07908038132611	20.262748192539828	18.92927978843652	32.726225767237516	0.0026658704600226067
38.0	30.44789825784716	17.98961008451817	19.52834268568103	32.034148971953634	0.0
39.0	31.076628475453855	18.21089679814286	18.853835702900177	31.858104132567373	5.348909357382031E-4
40.0	28.321394601507883	19.98774779809661	19.237569120152184	32.45113897113747	0.0021495091058579495
41.0	29.107171809976762	17.564178781819166	20.841485164567906	32.48608333783711	0.001080905799059612
42.0	27.758678653927493	19.84513442288714	20.110835167933715	32.2848095088332	5.42246418462406E-4
43.0	30.03976435134062	18.836661535197706	19.91209412891048	31.210936012576635	5.439719745638704E-4
44.0	28.86762012732188	19.496162902241217	19.97961541815645	31.656601552280456	0.0
45.0	30.21158932435682	18.46597739841308	20.194976939386653	31.12581695774771	0.0016393800957397976
46.0	30.05589222271491	17.649570544086977	19.56008824511559	32.733901561807166	5.474262753663651E-4
47.0	30.717434693922314	19.205799135832255	18.98427390169544	31.09194393876253	5.483297874673744E-4
48.0	29.605609981109694	19.475135087642226	18.394983086587885	32.523722707903175	5.491367570179677E-4
49.0	27.679146150248947	19.680906665199572	20.66789535939262	31.97205182515886	0.0
50.0	28.942722528109105	18.97571417537433	19.15225810722837	32.92820178971411	0.0011033995740877644
51.0	30.749957039196886	17.948746376048383	18.937122014224183	32.3636202375871	5.543329434524964E-4
52.0	27.912494291410937	18.689085177718123	21.21311694532007	32.18530358555087	0.0
53.0	30.101041748257224	19.061419507883045	19.525226868377178	31.31231187548255	0.0
54.0	30.35684209344367	18.93856881393234	18.93407740935784	31.77051168326615	0.0
55.0	28.79998647491096	18.779586132275373	18.88327848158334	33.53658536585366	5.635453766737298E-4
56.0	30.569643513414185	18.493201029033443	21.071438667910552	29.865716789641816	0.0
57.0	27.34240362811791	20.421201814058957	19.22902494331066	33.00736961451247	0.0
58.0	30.375135681933134	17.777600972931808	21.403931508328455	30.442763535515986	5.683012906122309E-4
59.0	27.383801773461897	22.09361964029269	21.35961612984112	29.162962456404294	0.0
60.0	30.53865133932916	19.221191112739515	20.148617161961795	30.090967900753963	5.724852155693079E-4
61.0	28.178227171697394	20.776663250146836	19.45631269217924	31.585917796229545	0.0028790897469855928
62.0	31.135312460152782	16.288383738857267	21.084539858810437	31.491184346273776	5.795959057345218E-4
63.0	25.858083496777805	21.22443261417764	24.691206687213974	28.22627720183058	0.0
64.0	26.105945005466534	22.358134559091496	17.575796762399634	33.95894807378061	0.0011755992617236636
65.0	26.787523327112773	19.471548327853313	19.279599514203618	34.460143961610235	0.0011848692200598359
66.0	27.223738957307553	19.28611452210923	18.424754706183908	35.058238653298204	0.007153161101109932
67.0	33.4140580978528	14.745057606310919	18.13969380537339	33.698193283859446	0.0029972066034455887
68.0	34.09521381219495	16.44994050654428	22.395643622058717	27.056166678808186	0.00303538039387096
69.0	32.165668538416526	16.968387763487183	20.442123087266705	30.423820610829587	0.0
70.0	31.061757831075155	16.978212967738045	24.015966887461573	27.944062313725226	0.0
71.0	25.81999385644561	18.882897027202294	24.89419434110379	30.402914775248302	0.0
