# Position (bp)	A	C	G	T	N
0.0	64.87079473427596	8.751828376401754	11.555338859093126	14.822038030229157	0.0
1.0	10.799609946367626	64.13944417357386	12.335446123842027	12.725499756216479	0.0
2.0	15.295536791314838	60.07237635705669	9.264173703256937	15.367913148371532	0.0
3.0	65.37170263788968	9.496402877697841	10.719424460431656	14.412470023980815	0.0
4.0	63.13518696069031	10.714285714285714	10.06711409395973	16.083413231064238	0.0
5.0	14.142139267767408	61.04331179708065	10.552763819095476	14.261785116056473	0.0
6.0	16.056472840392438	60.11007418042594	9.212730318257957	14.620722660923665	0.0
7.0	65.57416267942584	10.334928229665072	9.832535885167463	14.258373205741625	0.0
8.0	65.59139784946237	10.89605734767025	9.62962962962963	13.882915173237754	0.0
9.0	14.630071599045348	60.52505966587112	8.949880668257757	15.894988066825777	0.0
10.0	14.531138153185397	9.138630398472918	8.732999284180387	67.5972321641613	0.0
11.0	13.495469718645683	9.513590844062946	9.871244635193133	67.11969480209824	0.0
12.0	14.17004048582996	10.121457489878543	10.621576565849011	65.0869254584425	0.0
13.0	14.058039961941008	58.63463368220743	11.037107516650808	16.270218839200762	0.0
14.0	13.841405508072175	8.85565052231719	60.944919278252605	16.358024691358025	0.0
15.0	61.46745562130177	9.988165680473372	11.479289940828401	17.06508875739645	0.0
16.0	14.30260047281324	10.49645390070922	10.874704491725769	64.32624113475177	0.0
17.0	15.09078047630276	58.00518745578873	10.068380099033247	16.835651968875265	0.0
18.0	14.114043355325165	10.673892554194156	11.098020735155515	64.11404335532517	0.0
19.0	15.858823529411763	60.21176470588235	9.858823529411765	14.070588235294117	0.0
20.0	14.017374970650387	11.692885653909368	9.720591688189716	64.56914768725053	0.0
21.0	14.49648711943794	10.44496487119438	11.80327868852459	63.25526932084309	0.0
22.0	14.646700982686008	8.937763219466541	59.24192793635938	17.173607861488065	0.0
23.0	15.766081871345028	9.263157894736842	10.502923976608187	64.46783625730994	0.0
24.0	64.48445171849427	7.879354687865327	9.609539396773439	18.02665419686696	0.0
25.0	15.694962686567166	8.605410447761194	58.62873134328358	17.07089552238806	0.0
26.0	63.903120633442015	10.409874243129948	8.733115975780157	16.953889147647878	0.0
27.0	13.40782122905028	11.848230912476723	7.611731843575418	67.13221601489758	0.0
28.0	13.657515123313168	58.14332247557004	8.32945556072592	19.86970684039088	0.0
29.0	15.756448989077388	8.226818498721823	8.7148501045782	67.3018824076226	0.0
30.0	16.046511627906977	8.953488372093023	57.48837209302325	17.511627906976745	0.0
31.0	16.247672253258845	8.635940409683426	9.939478584729981	65.17690875232775	0.0
32.0	14.591575517803118	9.215731905980917	9.727717011868746	66.46497556434721	0.0
33.0	15.015155047796688	58.80158545115412	8.603404056889719	17.579855444159477	0.0
34.0	16.592868795152647	8.506175716616173	10.859939408063388	64.0410160801678	0.0
35.0	13.926408942710758	58.61667442943642	9.734513274336283	17.722403353516537	0.0
36.0	15.287811698904685	9.881146585877417	9.97436494989513	64.85667676532277	0.0
37.0	63.7959279194945	10.039784694593962	10.390826117481863	15.773461268429676	0.0
38.0	64.20534458509141	11.204875761837787	7.969995311767464	16.61978434130333	0.0
39.0	65.27745258721612	11.425895574806837	7.047529852493561	16.249121985483495	0.0
40.0	14.399999999999999	58.61176470588235	10.376470588235295	16.611764705882354	0.0
41.0	14.586786644565475	8.548425290078143	60.99928960454653	15.865498460809851	0.0
42.0	64.66682475693621	9.769978657813612	10.220535926013753	15.342660659236424	0.0
43.0	65.72993569897595	9.168849726125268	9.573708025720409	15.527506549178376	0.0
44.0	17.562724014336915	58.30346475507766	8.93667861409797	15.197132616487455	0.0
45.0	23.894701316233547	11.373607829902125	12.858589267634155	51.87310158623018	0.0
46.0	28.527200353825744	15.435647943387881	19.06236178681999	36.97478991596639	0.0
47.0	30.927835051546392	17.010309278350515	19.259606373008435	32.80224929709466	0.0
48.0	27.076489910839978	19.52135147817926	17.08118254340685	36.32097606757391	0.0
49.0	27.602449364107397	19.830428638718793	20.254357041921807	32.31276495525201	0.0
50.0	24.551463644948065	23.32389046270066	19.452313503305003	32.67233238904627	0.0
51.0	28.40909090909091	17.85037878787879	17.47159090909091	36.26893939393939	0.0
52.0	29.529243937232525	18.5924869234427	19.828815977175463	32.04945316214931	0.0
53.0	32.139446036294174	18.76790830945559	20.057306590257877	29.03533906399236	0.0
54.0	28.688130706391156	21.432003844305623	17.876021143680923	32.003844305622295	0.0
55.0	29.68299711815562	17.483189241114314	20.028818443804035	32.804995196926036	0.0
56.0	27.761767531219984	19.020172910662826	20.413064361191164	32.804995196926036	0.0
57.0	31.066087795465506	19.29570670525808	19.778099372889532	29.86010612638688	0.0
58.0	29.150579150579148	18.098455598455597	19.739382239382238	33.011583011583014	0.0
59.0	25.495887760038705	20.899854862119014	21.867440735365264	31.736816642477024	0.0
60.0	27.19766877124818	18.698397280233124	19.426906265177273	34.67702768334143	0.0
61.0	27.988338192419825	17.881438289601554	22.108843537414966	32.02137998056365	0.0
62.0	28.86396879570941	19.84397854705022	22.28181374939054	29.01023890784983	0.0
63.0	34.39334637964775	17.318982387475536	21.28180039138943	27.00587084148728	0.0
64.0	31.68462291870715	19.19686581782566	20.56807051909892	28.550440744368267	0.0
65.0	30.50930460333007	18.51126346718903	20.519098922624877	30.460333006856022	0.0
66.0	29.784102060843963	16.928361138370953	20.461236506378803	32.82630029440628	0.0
67.0	28.943488943488944	16.904176904176904	19.213759213759214	34.93857493857494	0.0
68.0	25.889328063241106	18.478260869565215	21.294466403162055	34.337944664031625	0.0
69.0	26.349678058444777	18.7221396731055	22.78355621594849	32.14462605250124	0.0
70.0	26.907829534192267	21.55599603567889	19.871159563924678	31.66501486620416	0.0
71.0	28.39444995044599	18.533201189296335	19.970267591674926	33.10208126858276	0.0
72.0	29.493545183714005	19.513406156901688	19.860973187686195	31.132075471698112	0.0
73.0	28.0675608544461	19.821162444113263	20.417287630402384	31.693989071038253	0.0
74.0	31.04312938816449	16.098294884653964	21.81544633901705	31.04312938816449	0.0
75.0	29.76907630522088	20.883534136546185	21.485943775100402	27.86144578313253	0.0
76.0	28.76506024096386	19.779116465863453	18.574297188755022	32.88152610441767	0.0
77.0	29.376257545271628	20.875251509054326	17.706237424547282	32.04225352112676	0.0
78.0	30.78481012658228	20.60759493670886	17.518987341772153	31.088607594936708	0.0
79.0	28.107559614408927	21.61339421613394	19.330289193302892	30.948756976154236	0.0
80.0	29.812087353986794	17.470797359065514	21.17826307770442	31.538852209243274	0.0
81.0	27.65093860984272	18.822932521562656	18.87366818873668	34.65246067985794	0.0
82.0	31.01522842639594	19.39086294416244	20.913705583756347	28.680203045685282	0.0
83.0	30.53861788617886	18.34349593495935	21.49390243902439	29.6239837398374	0.0
84.0	27.138492871690428	21.435845213849287	19.144602851323828	32.28105906313646	0.0
85.0	32.48342682304946	18.052014278429375	21.009688934217234	28.454869964303924	0.0
86.0	31.889964340295467	18.59398879266429	22.15995924605196	27.356087620988284	0.0
87.0	31.804281345565748	19.571865443425075	21.865443425076453	26.758409785932724	0.0
88.0	36.68880940214614	17.424629535002556	17.1691364333163	28.717424629535003	0.0
89.0	31.02918586789555	18.074756784434204	17.81874039938556	33.07731694828469	0.0
90.0	30.923076923076927	16.256410256410255	19.589743589743588	33.23076923076923	0.0
91.0	30.646817248459957	18.942505133470224	17.659137577002053	32.75154004106776	0.0
92.0	30.082559339525282	18.937048503611972	17.3890608875129	33.591331269349844	0.0
93.0	32.64462809917356	16.99380165289256	17.923553719008265	32.438016528925615	0.0
94.0	30.83290222452147	17.02017589239524	21.003621314019657	31.14330056906363	0.0
95.0	31.63900414937759	15.767634854771783	20.798755186721994	31.79460580912863	0.0
96.0	28.526970954356845	16.701244813278006	20.020746887966805	34.75103734439834	0.0
97.0	30.04158004158004	18.762993762993762	19.542619542619544	31.652806652806653	0.0
98.0	32.2060353798127	20.65556711758585	17.273673257023933	29.864724245577523	0.0
99.0	33.03804064616988	18.551328817092237	17.09223553934341	31.318394997394478	0.0
100.0	34.73242392444911	15.320041972717732	18.153200419727177	31.79433368310598	0.0
101.0	33.50867964229353	18.621778011572857	17.93792740662809	29.931614939505526	0.0
102.0	31.731784582893347	15.997888067581837	20.85533262935586	31.414994720168956	0.0
103.0	28.222811671087534	16.710875331564985	21.16710875331565	33.89920424403183	0.0
104.0	26.712692511949015	18.428040361125863	22.251725969198088	32.607541157727034	0.0
105.0	28.746666666666666	18.826666666666668	20.586666666666666	31.840000000000003	0.0
106.0	31.963713980789755	18.463180362860193	18.890074706510138	30.683030949839914	0.0
107.0	31.942215088282506	18.619582664526487	19.3151417870519	30.12306046013911	0.0
108.0	33.65539452495974	18.947933440687066	16.532474503489	30.864197530864196	0.0
109.0	26.96447793326157	19.91388589881593	19.429494079655544	33.692142088266955	0.0
110.0	26.31293990254467	20.30319436924743	19.38278289117488	34.001082837033024	0.0
111.0	29.80456026058632	17.64386536373507	20.14115092290988	32.410423452768725	0.0
112.0	26.44492911668484	17.993456924754632	22.02835332606325	33.533260632497274	0.0
113.0	28.915662650602407	20.974808324205917	18.072289156626507	32.03723986856517	0.0
114.0	31.153846153846153	17.747252747252748	18.13186813186813	32.967032967032964	0.0
115.0	28.508530544854153	18.932305998899285	19.702806824435886	32.85635663181068	0.0
116.0	29.762562120375485	18.939812258420762	19.271120927664274	32.02650469353948	0.0
117.0	31.503050471436495	18.63560732113145	18.358291735995564	31.503050471436495	0.0
118.0	27.429205996668514	17.434758467518048	21.876735147140476	33.259300388672955	0.0
119.0	23.62116991643454	19.721448467966574	26.852367688022284	29.805013927576603	0.0
120.0	25.43223647518126	21.24930284439487	23.08979364194088	30.228667038482985	0.0
121.0	29.797979797979796	18.237934904601573	18.51851851851852	33.44556677890011	0.0
122.0	28.756330894766464	17.670230725942602	21.890827236916152	31.68261114237479	0.0
123.0	31.394692264257486	19.311123658949747	18.9158667419537	30.37831733483907	0.0
124.0	29.830508474576273	18.0225988700565	19.661016949152543	32.48587570621469	0.0
125.0	27.47875354107649	19.43342776203966	20.339943342776206	32.74787535410765	0.0
126.0	29.08366533864542	20.14797951052931	19.351166761525327	31.417188389299945	0.0
127.0	28.40844266970907	18.881916714204223	22.247575584711925	30.462065031374784	0.0
128.0	30.663615560640732	16.704805491990847	19.107551487414188	33.52402745995423	0.0
129.0	30.509444762449917	19.404693760732687	17.74470520892959	32.341156267887804	0.0
130.0	30.0747556066705	19.378953421506612	16.446233467510062	34.10005750431282	0.0
131.0	31.506058857472592	19.96537795729948	19.734564339296018	28.793998845931913	0.0
132.0	28.546612623045743	20.09264620729589	21.887666473653734	29.47307469600463	0.0
133.0	29.408352668213457	19.895591647331788	19.953596287703014	30.74245939675174	0.0
134.0	26.06413994169096	20.408163265306122	20.99125364431487	32.53644314868805	0.0
135.0	24.912280701754387	18.421052631578945	20.994152046783626	35.67251461988304	0.0
136.0	25.08813160987074	19.565217391304348	21.210340775558166	34.13631022326675	0.0
137.0	30.311948204826365	16.53914067098293	19.246615656268393	33.90229546792231	0.0
138.0	29.39787485242031	18.06375442739079	19.952774498229044	32.585596221959854	0.0
139.0	28.74925903971547	16.241849436870183	21.458209839952577	33.55068168346176	0.0
140.0	28.35909631391201	15.933412604042807	21.640903686087988	34.06658739595719	0.0
141.0	29.797377830750893	17.401668653158524	19.606674612634087	33.1942789034565	0.0
142.0	30.92537313432836	16.53731343283582	19.223880597014926	33.3134328358209	0.0
143.0	32.23289315726291	20.048019207683073	18.24729891956783	29.4717887154862	0.0
144.0	31.14852675886951	17.739025856885146	18.039687312086592	33.072760072158744	0.0
145.0	29.22983626440267	18.67798665858096	18.73862947240752	33.35354760460885	0.0
146.0	29.214850882531955	19.598295800365186	18.746195982958003	32.44065733414486	0.0
147.0	30.670731707317074	18.475609756097562	16.402439024390244	34.45121951219512	0.0
148.0	27.85276073619632	21.533742331288344	18.282208588957054	32.331288343558285	0.0
149.0	31.076923076923073	20.43076923076923	17.784615384615385	30.70769230769231	0.0
150.0	29.666254635352285	19.097651421508036	17.614338689740418	33.62175525339926	0.0
151.0	27.509293680297397	18.711276332094176	21.065675340768276	32.71375464684015	0.0
152.0	28.057107386716325	20.235878336436997	16.821849782743637	34.885164494103044	0.0
153.0	30.941983780411732	18.278228321896446	18.590143480973175	32.18964441671866	0.0
154.0	31.952291274325173	16.57250470809793	20.213433772755806	31.26177024482109	0.0
155.0	32.241813602015114	19.710327455919398	16.876574307304786	31.171284634760703	0.0
156.0	31.499051233396585	15.749525616698293	18.089816571790006	34.66160657811512	0.0
157.0	31.02352193261284	18.62682771773681	20.724729815638906	29.624920534011444	0.0
158.0	28.104993597951346	20.998719590268884	17.6696542893726	33.226632522407165	0.0
159.0	34.383033419023135	14.781491002570693	19.215938303341904	31.619537275064268	0.0
160.0	25.78981302385558	19.019987105093488	23.468729851708574	31.721470019342355	0.0
161.0	29.404145077720205	17.2279792746114	22.409326424870464	30.958549222797927	0.0
162.0	31.029986962190353	18.578878748370272	20.078226857887874	30.3129074315515	0.0
163.0	29.327237099934685	18.68060091443501	17.439581972566952	34.552580013063356	0.0
164.0	29.593175853018373	15.94488188976378	21.128608923884514	33.33333333333333	0.0
165.0	29.947229551451187	18.139841688654354	20.91029023746702	31.00263852242744	0.0
166.0	27.91005291005291	19.576719576719576	20.238095238095237	32.27513227513227	0.0
167.0	26.935804103242884	19.324950363997353	23.494374586366646	30.244870946393114	0.0
168.0	28.220451527224437	20.0531208499336	19.057104913678618	32.669322709163346	0.0
169.0	27.526595744680847	17.486702127659576	19.9468085106383	35.03989361702128	0.0
170.0	30.579613590939374	18.121252498334446	17.65489673550966	33.644237175216524	0.0
171.0	28.857715430861724	18.97127588510354	16.967267869071474	35.20374081496326	0.0
172.0	30.536912751677853	19.12751677852349	16.308724832214764	34.02684563758389	0.0
173.0	29.784366576819405	18.059299191374663	20.619946091644206	31.536388140161726	0.0
174.0	29.81029810298103	20.05420054200542	17.88617886178862	32.24932249322493	0.0
175.0	28.512960436562075	17.53069577080491	19.781718963165076	34.174624829467945	0.0
176.0	27.876712328767123	18.356164383561644	19.52054794520548	34.24657534246575	0.0
177.0	28.777472527472526	22.184065934065934	18.40659340659341	30.631868131868135	0.0
178.0	26.432022084196	21.11801242236025	21.808143547273982	30.641821946169774	0.0
179.0	25.155925155925157	19.12681912681913	24.462924462924462	31.25433125433125	0.0
180.0	28.780487804878046	16.585365853658537	22.64808362369338	31.986062717770036	0.0
181.0	27.1518544436669	18.894331700489854	19.104268719384184	34.849545136459064	0.0
182.0	32.20577871740662	17.829457364341085	20.859760394644116	29.105003523608175	0.0
183.0	30.15536723163842	21.257062146892654	18.785310734463277	29.80225988700565	0.0
184.0	28.601997146932952	21.398002853067048	18.25962910128388	31.74037089871612	0.0
185.0	28.807471264367816	20.761494252873565	23.060344827586206	27.370689655172413	0.0
186.0	30.952380952380953	18.10966810966811	21.5007215007215	29.43722943722944	0.0
187.0	29.621542940320232	22.12518195050946	17.540029112081516	30.71324599708879	0.0
188.0	30.27859237536657	18.40175953079179	19.72140762463343	31.59824046920821	0.0
189.0	27.93791574279379	18.551367331855136	20.546932742054693	32.96378418329638	0.0
190.0	29.049034175334327	18.647845468053493	19.687964338781576	32.61515601783061	0.0
191.0	27.06766917293233	19.774436090225564	20.150375939849624	33.00751879699248	0.0
192.0	30.234315948601665	20.030234315948604	20.33257747543462	29.402872260015116	0.0
193.0	29.268292682926827	17.835365853658537	21.41768292682927	31.478658536585364	0.0
194.0	28.72503840245776	21.121351766513058	21.7357910906298	28.417818740399387	0.0
195.0	27.364341085271317	22.093023255813954	18.83720930232558	31.705426356589143	0.0
196.0	28.672427336999213	19.638648860958366	20.581304006284366	31.10761979575805	0.0
197.0	30.54226475279107	18.181818181818183	19.936204146730464	31.33971291866029	0.0
198.0	27.295081967213115	23.688524590163933	19.01639344262295	30.0	0.0
199.0	29.600694444444443	21.006944444444446	19.618055555555554	29.774305555555557	0.0
200.0	28.024193548387093	16.834677419354836	20.262096774193548	34.87903225806452	0.0
201.0	32.3014804845222	16.823687752355315	16.689098250336475	34.185733512786	0.0
202.0	36.77069199457259	16.14654002713704	17.096336499321573	29.986431478968793	0.0
203.0	37.4485596707819	16.598079561042525	17.695473251028808	28.25788751714678	0.0
204.0	33.7465564738292	19.146005509641874	20.9366391184573	26.170798898071624	0.0
205.0	34.530386740331494	18.646408839779006	21.54696132596685	25.276243093922652	0.0
206.0	34.35326842837274	19.471488178025034	17.80250347705146	28.372739916550767	0.0
207.0	28.892005610098177	22.44039270687237	16.690042075736326	31.977559607293127	0.0
208.0	28.792134831460675	17.696629213483146	20.786516853932586	32.7247191011236	0.0
209.0	24.894514767932492	20.393811533052038	20.956399437412095	33.755274261603375	0.0
210.0	26.55367231638418	17.65536723163842	17.65536723163842	38.13559322033898	0.0
211.0	30.354609929078013	18.01418439716312	22.69503546099291	28.936170212765955	0.0
212.0	28.42857142857143	17.285714285714285	23.0	31.285714285714285	0.0
213.0	26.65706051873199	21.181556195965417	18.011527377521613	34.14985590778098	0.0
214.0	28.77906976744186	22.96511627906977	19.331395348837212	28.924418604651166	0.0
215.0	30.17751479289941	22.485207100591715	19.08284023668639	28.254437869822485	0.0
216.0	30.998509687034275	19.672131147540984	15.499254843517138	33.8301043219076	0.0
217.0	25.49618320610687	18.473282442748094	25.0381679389313	30.99236641221374	0.0
218.0	24.726134585289515	19.405320813771517	20.344287949921753	35.52425665101722	0.0
219.0	19.104991394148023	21.514629948364888	24.78485370051635	34.59552495697074	0.0
220.0	0.0	31.958762886597935	25.51546391752577	42.52577319587629	0.0
