# Position (bp)	A	C	G	T	N
0.0	30.73453608247423	21.327319587628864	26.54639175257732	21.391752577319586	0.0
1.0	27.577319587628867	19.6520618556701	13.402061855670103	39.368556701030926	0.0
2.0	31.595881595881597	18.91891891891892	16.85971685971686	32.625482625482626	0.0
3.0	29.28709055876686	22.350674373795762	14.771997430956969	33.59023763648041	0.0
4.0	36.13607188703466	14.441591784338895	13.735558408215661	35.68677792041078	0.0
5.0	36.84546615581098	15.197956577266922	21.58365261813538	26.372924648786718	0.0
6.0	36.32887189292543	17.590822179732314	21.223709369024856	24.8565965583174	0.0
7.0	37.19898605830165	14.765525982256019	18.377693282636248	29.65779467680608	0.0
8.0	26.139240506329113	23.9873417721519	21.772151898734176	28.10126582278481	0.0
9.0	33.207070707070706	18.181818181818183	17.045454545454543	31.565656565656564	0.0
10.0	30.725552050473187	16.214511041009462	20.88328075709779	32.17665615141956	0.0
11.0	29.615626969124133	16.57214870825457	19.78575929426591	34.02646502835538	0.0
12.0	27.032136105860115	17.76937618147448	24.259609325771898	30.93887838689351	0.0
13.0	29.056603773584904	21.32075471698113	18.80503144654088	30.81761006289308	0.0
14.0	32.2438717787555	17.096165933375236	18.793211816467633	31.866750471401634	0.0
15.0	32.85175879396985	19.22110552763819	20.603015075376884	27.32412060301507	0.0
16.0	31.536050156739815	17.053291536050157	16.927899686520377	34.48275862068966	0.0
17.0	30.200501253132835	18.170426065162907	19.61152882205514	32.01754385964912	0.0
18.0	30.639097744360903	15.852130325814537	20.676691729323306	32.83208020050125	0.0
19.0	30.754716981132074	20.0	19.119496855345915	30.12578616352201	0.0
20.0	30.144745122718692	18.187539332913783	21.271239773442417	30.396475770925107	0.0
21.0	31.3527180783818	17.319848293299618	19.721871049304678	31.605562579013906	0.0
22.0	31.182795698924732	18.848829854522453	18.089816571790006	31.87855787476281	0.0
23.0	31.139240506329113	18.670886075949365	20.696202531645568	29.49367088607595	0.0
24.0	30.632911392405067	19.68354430379747	20.696202531645568	28.987341772151897	0.0
25.0	29.94314592545799	17.24573594440935	19.077700568540745	33.733417561591914	0.0
26.0	30.65739570164349	15.865992414664982	20.16434892541087	33.312262958280655	0.0
27.0	29.538266919671095	17.583807716635043	22.45414294750158	30.423782416192285	0.0
28.0	29.404309252218	18.631178707224336	19.011406844106464	32.953105196451205	0.0
29.0	29.422954977805958	19.340519974635384	19.59416613823716	31.642358909321494	0.0
30.0	32.48730964467005	18.718274111675125	18.083756345177665	30.710659898477154	0.0
31.0	30.876747141041932	19.440914866581956	19.949174078780178	29.733163913595934	0.0
32.0	30.216284987277355	19.21119592875318	18.765903307888042	31.806615776081426	0.0
33.0	34.993614303959134	17.496807151979567	19.476372924648786	28.033205619412517	0.0
34.0	30.051150895140665	20.076726342710998	17.774936061381077	32.09718670076726	0.0
35.0	28.753993610223645	18.78594249201278	20.063897763578275	32.39616613418531	0.0
36.0	31.353767560664114	19.284802043422733	19.09323116219668	30.268199233716476	0.0
37.0	29.028132992327365	19.11764705882353	19.053708439897697	32.80051150895141	0.0
38.0	27.214786488209054	19.50286806883365	20.968769917144677	32.313575525812624	0.0
39.0	27.898089171974522	18.343949044585987	21.337579617834397	32.42038216560509	0.0
40.0	29.68152866242038	19.23566878980892	19.23566878980892	31.84713375796178	0.0
41.0	29.134860050890588	17.557251908396946	21.755725190839694	31.552162849872772	0.0
42.0	29.51653944020356	18.956743002544528	19.46564885496183	32.06106870229007	0.0
43.0	28.962444302991724	17.759388924252068	18.905155951623172	34.373010821133036	0.0
44.0	29.464285714285715	16.007653061224488	18.75	35.7780612244898	0.0
45.0	29.757343550446997	19.157088122605366	23.371647509578544	27.713920817369093	0.0
46.0	28.19693094629156	20.78005115089514	18.67007672634271	32.35294117647059	0.0
47.0	28.918746001279587	17.338451695457454	21.113243761996163	32.629558541266796	0.0
48.0	31.797824696097248	17.85028790786948	20.153550863723606	30.19833653230966	0.0
49.0	31.669865642994242	18.682021753039027	16.634676903390915	33.01343570057582	0.0
50.0	29.283887468030688	20.076726342710998	19.30946291560102	31.32992327365729	0.0
51.0	29.90415335463259	19.488817891373802	20.575079872204473	30.031948881789138	0.0
52.0	30.121250797702615	17.80472239948947	19.91065730695597	32.163369495851946	0.0
53.0	31.162196679438058	18.199233716475096	19.4125159642401	31.226053639846747	0.0
54.0	31.11821086261981	18.78594249201278	18.53035143769968	31.56549520766773	0.0
55.0	30.626598465473148	17.71099744245524	19.948849104859335	31.713554987212277	0.0
56.0	29.878438899552144	18.106206014075497	20.92130518234165	31.09404990403071	0.0
57.0	31.521739130434785	20.076726342710998	20.588235294117645	27.813299232736572	0.0
58.0	29.686500319897636	19.577735124760075	17.338451695457454	33.397312859884835	0.0
59.0	30.04484304932735	18.06534272901986	19.923126201153107	31.966688020499678	0.0
60.0	32.094811018577836	19.410634208840488	19.282511210762333	29.212043561819346	0.0
61.0	27.29019859064702	18.385650224215247	21.268417680973734	33.055733504163996	0.0
62.0	29.230769230769234	19.35897435897436	20.128205128205128	31.28205128205128	0.0
63.0	30.108904548366432	17.424727738629084	20.88404868673927	31.582319026265214	0.0
64.0	30.17296604740551	18.449711723254325	18.449711723254325	32.92761050608584	0.0
65.0	28.617157490396927	18.30985915492958	20.03841229193342	33.03457106274008	0.0
66.0	31.113956466069144	17.41357234314981	20.166453265044815	31.306017925736235	0.0
67.0	30.66581306017926	17.861715749039693	20.678617157490397	30.793854033290653	0.0
68.0	29.3401665598975	18.962203715566943	21.076233183856502	30.62139654067905	0.0
69.0	30.92189500640205	19.14212548015365	20.23047375160051	29.705505761843792	0.0
70.0	31.733845169545745	19.193857965451055	17.978246960972488	31.09404990403071	0.0
71.0	31.60588611644274	19.257837492002558	18.809980806142036	30.326295585412666	0.0
72.0	30.262316058861167	19.513755598208572	19.705694177863084	30.518234165067177	0.0
73.0	32.629558541266796	17.402431222008957	20.217530390275112	29.750479846449135	0.0
74.0	31.393861892583118	19.69309462915601	18.542199488491047	30.37084398976982	0.0
75.0	30.710172744721685	18.746001279590534	18.298144593730008	32.24568138195777	0.0
76.0	31.797824696097248	16.634676903390915	19.065898912348047	32.501599488163784	0.0
77.0	28.361075544174135	17.733674775928296	21.76696542893726	32.13828425096031	0.0
78.0	29.878438899552144	18.55406269993602	20.409468969929623	31.15802943058221	0.0
79.0	30.45425463851568	17.402431222008957	19.577735124760075	32.56557901471529	0.0
80.0	30.051150895140665	19.245524296675192	18.542199488491047	32.1611253196931	0.0
81.0	32.09718670076726	16.943734015345267	21.9309462915601	29.028132992327365	0.0
82.0	29.53964194373401	18.925831202046037	19.053708439897697	32.48081841432225	0.0
83.0	29.565772669220948	17.752234993614305	20.051085568326947	32.630906768837804	0.0
84.0	29.483088704530953	18.3152520740268	21.1869814932993	31.01467772814295	0.0
85.0	28.9272030651341	17.943805874840358	19.284802043422733	33.84418901660281	0.0
86.0	30.670926517571885	17.82747603833866	18.08306709265176	33.418530351437695	0.0
87.0	30.159744408945688	16.996805111821086	22.81150159744409	30.031948881789138	0.0
88.0	32.33226837060703	16.86900958466454	18.91373801916933	31.884984025559106	0.0
89.0	29.310344827586203	17.68837803320562	18.837803320561942	34.16347381864623	0.0
90.0	32.46173469387755	18.367346938775512	19.57908163265306	29.591836734693878	0.0
91.0	33.779477374123644	19.247928616953473	17.27214786488209	29.700446144040793	0.0
92.0	29.554140127388536	17.452229299363058	20.636942675159236	32.35668789808917	0.0
93.0	30.935709739019735	18.650541056651814	20.94207511139402	29.471674092934435	0.0
94.0	32.48407643312102	18.662420382165603	18.662420382165603	30.19108280254777	0.0
95.0	30.082855321861057	18.674314850223073	20.01274697259401	31.23008285532186	0.0
96.0	31.444939528962447	19.096117122851687	18.39592616168046	31.06301718650541	0.0
97.0	31.317632081476766	17.950350095480587	17.568427753023553	33.1635900700191	0.0
98.0	30.725190839694655	17.557251908396946	21.246819338422394	30.47073791348601	0.0
99.0	30.872056015276893	17.950350095480587	20.7511139401655	30.426479949077024	0.0
100.0	32.863549007046764	18.06534272901986	18.385650224215247	30.685458039718128	0.0
101.0	32.048811817597944	17.8548490687219	20.937700706486833	29.158638407193322	0.0
102.0	32.90405666452028	16.934964584674823	20.218931101094658	29.94204764971024	0.0
103.0	30.44602456367162	19.392372333548806	18.681318681318682	31.48028442146089	0.0
104.0	31.315104166666668	17.1875	20.572916666666664	30.924479166666668	0.0
105.0	31.809274983670804	18.419333768778575	20.052253429131287	29.719137818419334	0.0
106.0	29.678266579120155	19.041365725541695	16.940249507550888	34.34011818778726	0.0
107.0	29.881266490765174	17.74406332453826	19.45910290237467	32.9155672823219	0.0
108.0	31.49867374005305	19.628647214854112	21.286472148541115	27.586206896551722	0.0
109.0	29.89347536617843	19.640479360852197	18.841544607190414	31.62450066577896	0.0
110.0	30.815508021390375	18.24866310160428	19.6524064171123	31.283422459893046	0.0
111.0	29.352226720647774	18.15114709851552	19.770580296896085	32.72604588394062	0.0
112.0	32.31083844580777	17.995910020449898	18.064076346284935	31.6291751874574	0.0
113.0	32.098765432098766	17.62688614540466	20.438957475994513	29.835390946502056	0.0
114.0	30.44982698961938	18.06228373702422	21.3840830449827	30.103806228373703	0.0
115.0	29.346314325452017	17.524339360222534	19.33240611961057	33.79694019471488	0.0
116.0	28.910614525139668	17.527932960893857	21.438547486033517	32.122905027932966	0.0
117.0	32.01970443349754	19.634060520760027	21.534130893736805	26.812104152005627	0.0
118.0	30.43170559094126	20.382165605095544	16.631280962491154	32.554847841472046	0.0
119.0	32.145402708481825	17.034925160370634	20.171062009978616	30.64861012116892	0.0
120.0	31.68812589413448	18.31187410586552	20.529327610872674	29.470672389127323	0.0
121.0	31.340057636887607	19.38040345821326	17.86743515850144	31.412103746397698	0.0
122.0	29.52727272727273	20.29090909090909	18.836363636363636	31.345454545454544	0.0
123.0	30.314097881665447	17.823228634039445	20.087655222790357	31.77501826150475	0.0
124.0	29.191176470588236	17.794117647058822	19.11764705882353	33.89705882352941	0.0
125.0	29.163582531458175	16.28423390081421	22.131754256106586	32.42042931162102	0.0
126.0	28.550074738415542	18.7593423019432	21.674140508221225	31.01644245142003	0.0
127.0	29.14156626506024	19.653614457831324	18.90060240963855	32.30421686746988	0.0
128.0	28.106060606060606	15.984848484848484	21.439393939393938	34.46969696969697	0.0
129.0	29.281345565749234	18.730886850152906	18.27217125382263	33.715596330275226	0.0
130.0	29.484218629715166	17.47498075442648	18.860662047729022	34.18013856812933	0.0
131.0	30.56633048875097	19.39487975174554	20.55857253685027	29.48021722265322	0.0
132.0	31.215686274509803	18.11764705882353	20.47058823529412	30.19607843137255	0.0
133.0	30.963665086887836	19.352290679304897	18.562401263823062	31.121642969984205	0.0
134.0	31.369426751592357	19.028662420382165	18.39171974522293	31.210191082802545	0.0
135.0	31.964573268921093	17.954911433172303	20.611916264090176	29.468599033816425	0.0
136.0	28.687196110210696	20.25931928687196	20.178282009724473	30.875202593192867	0.0
137.0	31.60919540229885	19.458128078817737	21.592775041050906	27.339901477832512	0.0
138.0	29.983388704318937	20.26578073089701	19.102990033222593	30.64784053156146	0.0
139.0	29.53020134228188	20.973154362416107	17.533557046979865	31.963087248322147	0.0
140.0	30.71729957805907	21.350210970464133	17.21518987341772	30.71729957805907	0.0
141.0	31.031543052003407	16.027280477408354	21.22762148337596	31.713554987212277	0.0
142.0	27.934875749785775	20.308483290488432	20.137103684661525	31.619537275064268	0.0
143.0	28.769497400346623	19.930675909878683	17.417677642980937	33.882149046793764	0.0
144.0	28.396143733567047	20.070113935144608	18.930762489044696	32.60297984224365	0.0
145.0	29.448398576512457	18.505338078291814	13.523131672597867	38.52313167259786	0.0
146.0	36.780575539568346	16.276978417266186	19.154676258992804	27.78776978417266	0.0
147.0	36.230558096980786	17.017383348581884	19.48764867337603	27.264409881061297	0.0
148.0	32.73415326395459	18.353831598864712	18.448438978240304	30.4635761589404	0.0
149.0	29.092805005213762	23.149113660062564	21.16788321167883	26.59019812304484	0.0
150.0	16.479400749063668	28.46441947565543	23.220973782771537	31.835205992509362	0.0
