# Position (bp)	A	C	G	T	N
0.0	55.21968365553602	11.783831282952548	13.53251318101933	19.463971880492092	0.0
1.0	13.531324136719094	54.907301643089355	16.457253316931727	15.104120903259819	0.0
2.0	22.407002188183807	46.20568927789934	12.096280087527353	19.291028446389497	0.0
3.0	53.25355926281772	14.106035461612368	14.472879727487117	18.167525548082804	0.0
4.0	53.58763966480446	11.199371508379889	14.594972067039105	20.618016759776538	0.0
5.0	16.36886603329556	49.437810511636016	15.52340277172492	18.669920683343502	0.0
6.0	18.424949908528617	52.83561285826291	11.168220228242879	17.57121700496559	0.0
7.0	57.21873911529084	12.234413096482061	12.4695228143504	18.0773249738767	0.0
8.0	55.1388042816117	15.150987729527458	11.861456792272213	17.848751196588637	0.0
9.0	19.400000000000002	48.70434782608696	12.443478260869565	19.452173913043477	0.0
10.0	17.024419918310592	12.992091770226818	12.392456765447118	57.59103154601547	0.0
11.0	16.73182173573104	13.665189818434541	12.466336547650075	57.13665189818434	0.0
12.0	15.723215836082655	14.038895641604446	12.641083521444695	57.5968050008682	0.0
13.0	16.55094601631661	48.29022739107794	13.426488456865126	21.732338135740324	0.0
14.0	19.0059745432505	12.5551995843796	48.54099922071175	19.89782665165815	0.0
15.0	52.511455001296795	14.014005360076078	13.98806950808334	19.486470130543786	0.0
16.0	16.257774706288874	14.74602626123013	12.482722874913614	56.513476157567375	0.0
17.0	17.712559343979283	46.46525679758308	14.993526111350885	20.82865774708675	0.0
18.0	16.110392410521776	13.583441138421733	16.101768003449763	54.20439844760673	0.0
19.0	18.17946951429556	48.94936272821219	11.531174646916982	21.339993110575268	0.0
20.0	19.776344086021506	12.584946236559139	13.298924731182796	54.339784946236556	0.0
21.0	18.16230141691713	16.52211249463289	14.091884929154144	51.22370115929583	0.0
22.0	17.350346835659845	11.184379549541834	47.08401130427336	24.381262310524964	0.0
23.0	18.82594557590279	13.451993838781448	14.38473386958754	53.33732671572822	0.0
24.0	52.516206073012626	10.696008188331628	12.828386216308427	23.959399522347322	0.0
25.0	19.466916460870305	12.381844503108235	45.8315592267734	22.319679809248065	0.0
26.0	54.72163195920102	13.191670208244794	12.392690182745431	19.694007649808754	0.0
27.0	16.465795280937023	18.45187574265829	9.404175861483619	55.678153114921066	0.0
28.0	17.769120013551284	47.55653425933768	8.833742695011434	25.8406030320996	0.0
29.0	19.89010989010989	9.602704987320372	14.192730346576502	56.31445477599324	0.0
30.0	19.241261722080136	14.015345268542202	44.910485933503836	21.832907075873827	0.0
31.0	18.87715683749678	9.837754313674994	10.558846252897244	60.72624259593098	0.0
32.0	17.599930331794827	10.82469737873378	14.813202124880256	56.76217016459113	0.0
33.0	21.386925795053003	48.46289752650177	11.157243816254416	18.992932862190813	0.0
34.0	20.781180648024854	13.040390590324014	13.324456280514868	52.85397248113626	0.0
35.0	17.416987380291772	48.34869775351293	14.678242190996151	19.55607267519914	0.0
36.0	21.1390134529148	12.035874439461884	10.834080717488789	55.99103139013452	0.0
37.0	53.27861459366826	11.95093352575088	14.36817894831785	20.40227293226301	0.0
38.0	53.448587979724834	13.740043446777698	11.477190441708906	21.33417813178856	0.0
39.0	56.31492618917441	13.459085110260617	8.993985784581739	21.232002915983234	0.0
40.0	15.96909207984546	49.259497746297484	13.145064851439612	21.62634532241744	0.0
41.0	19.393373775081663	10.135324311712553	52.26318245450303	18.208119458702754	0.0
42.0	59.117785077428444	11.534490849366495	11.656499296105114	17.691224777099954	0.0
43.0	58.500567966679284	11.823173040514956	11.046951912154487	18.62930708065127	0.0
44.0	21.57311951126384	49.4749904543719	10.02290950744559	18.92898052691867	0.0
45.0	31.407563025210084	14.469537815126051	12.959558823529413	41.16334033613445	0.0
46.0	27.383120825743777	17.86581663630844	20.931997571341835	33.81906496660595	0.0
47.0	33.644133644133646	20.6993006993007	17.97979797979798	27.67676767676768	0.0
48.0	24.506733479486375	19.19824616348262	18.13341684935797	38.161603507673036	0.0
49.0	24.883981437029927	20.947351576252203	21.043366938710193	33.12530004800768	0.0
50.0	26.506992444944544	25.429995177624175	18.83941488506671	29.223597492364572	0.0
51.0	29.308949668231104	16.847386308464152	17.31671791552031	36.52694610778443	0.0
52.0	27.500000000000004	17.859477124183005	20.294117647058822	34.34640522875817	0.0
53.0	29.649326907096558	20.72461359481469	22.004321090244307	27.621738407844443	0.0
54.0	30.17591339648173	21.684709066305818	16.864005412719894	31.275372124492556	0.0
55.0	31.47736976942784	18.001707941929972	18.46285226302306	32.05807002561913	0.0
56.0	27.107180020811654	20.79431148109608	18.869233437391607	33.22927506070066	0.0
57.0	31.674842326559215	16.853538892782062	18.990889978976874	32.48072880168185	0.0
58.0	27.482801199506085	21.732227906156286	19.827130005291938	30.957840889045684	0.0
59.0	25.28551034975018	22.591006423982872	22.44825124910778	29.67523197715917	0.0
60.0	26.33088367090877	19.053593834020432	20.02150923104499	34.59401326402581	0.0
61.0	29.01134521880065	17.377993877183503	23.15865298037097	30.452007923644874	0.0
62.0	28.638752945441365	20.862787746963928	19.811491752764184	30.686967554830524	0.0
63.0	32.864450127877234	18.834490317866276	19.126781147241505	29.17427840701498	0.0
64.0	27.65800626497144	20.121614151464897	22.48019163442049	29.74018794914317	0.0
65.0	30.3422756706753	18.556891766882515	20.0	31.100832562442182	0.0
66.0	28.789856423643485	17.676673503636025	20.82789483498042	32.70557523774007	0.0
67.0	29.29840972871843	17.511693171188025	20.37418147801684	32.81571562207671	0.0
68.0	27.101038715769594	19.35788479697828	19.67894239848914	33.862134088762986	0.0
69.0	27.17267552182163	21.157495256166982	21.10056925996205	30.569259962049333	0.0
70.0	29.061784897025174	21.777269260106788	19.088482074752097	30.07246376811594	0.0
71.0	29.056530966621647	20.567239050742813	20.065599073895427	30.31063090874011	0.0
72.0	27.669056384421626	20.07362914163922	19.666731253633017	32.590583220306144	0.0
73.0	29.430132708821233	20.433255269320842	18.735362997658083	31.401249024199846	0.0
74.0	29.095879710993945	16.266354227689906	24.27260300722515	30.365163054091	0.0
75.0	27.666273120818573	19.696969696969695	22.6288862652499	30.007870916961828	0.0
76.0	29.103282626100878	20.21617293835068	17.413931144915935	33.266613290632506	0.0
77.0	30.895942145439935	20.148654077942947	18.34069907593411	30.614704700683003	0.0
78.0	28.629195309340883	20.98665588354226	19.57137080469066	30.812778002426207	0.0
79.0	26.231176231176228	21.347171347171347	19.31216931216931	33.109483109483115	0.0
80.0	28.18778187781878	19.84419844198442	19.78269782697827	32.18532185321853	0.0
81.0	26.982812176434045	18.243942845309586	19.217229240008283	35.556015738248085	0.0
82.0	32.10779193649467	18.529350323793608	19.678295383329854	29.684562356381868	0.0
83.0	30.63937539565309	19.117957374973624	20.06752479426039	30.175142435112896	0.0
84.0	28.547153780798638	18.33050127442651	18.903993203058626	34.218351741716226	0.0
85.0	32.4812030075188	18.302900107411386	20.988184747583244	28.22771213748657	0.0
86.0	29.76086956521739	19.34782608695652	23.434782608695652	27.456521739130434	0.0
87.0	32.198209997817074	17.332460161536783	19.842829076620824	30.626500764025323	0.0
88.0	31.38414367060885	20.324134910205867	17.915024091108194	30.37669732807709	0.0
89.0	30.864197530864196	19.598765432098766	17.394179894179896	32.142857142857146	0.0
90.0	29.793837286632673	17.53491465307027	19.197517180226114	33.47373088007094	0.0
91.0	30.94230340833148	21.40788594341724	17.175317442637557	30.474493205613722	0.0
92.0	30.125335720680397	18.12891674127126	17.837958818263207	33.90778871978514	0.0
93.0	33.90441839495041	16.501352569882776	19.026149684400362	30.568079350766457	0.0
94.0	28.52280462899932	16.655321080099842	20.03630587701384	34.785568413887	0.0
95.0	29.080932784636488	18.86145404663923	20.16460905349794	31.893004115226336	0.0
96.0	27.859439595774	15.939366100137805	22.071658245291687	34.12953605879651	0.0
97.0	29.60829493087558	19.055299539170505	20.29953917050691	31.036866359447007	0.0
98.0	32.994219653179194	19.86127167630058	18.520231213872833	28.624277456647402	0.0
99.0	31.323904474843495	19.406445629492232	18.687688383955482	30.581961511708787	0.0
100.0	35.7609710550887	14.519140989729227	17.88048552754435	31.83940242763772	0.0
101.0	31.572769953051644	19.389671361502348	20.35211267605634	28.685446009389672	0.0
102.0	30.153482880755604	16.528925619834713	20.99173553719008	32.3258559622196	0.0
103.0	27.870018975332066	19.900379506641368	21.347248576850095	30.88235294117647	0.0
104.0	27.765881513204853	18.15369973828218	21.05638829407566	33.02403045443731	0.0
105.0	28.50310856049737	20.516499282639884	18.675274988044	32.30511716881875	0.0
106.0	29.53890489913545	17.531219980787704	20.05283381364073	32.87704130643612	0.0
107.0	29.132530120481924	19.927710843373493	18.89156626506024	32.04819277108434	0.0
108.0	33.13121513461072	18.0693669658016	16.056269706524375	32.743148193063305	0.0
109.0	28.317506695885076	20.209398587776967	21.207694180667154	30.265400535670807	0.0
110.0	27.056223913577217	20.132580407561992	19.764301497667567	33.046894181193224	0.0
111.0	29.620502710694925	18.802365697387877	20.10842779694431	31.468703794972892	0.0
112.0	24.90108803165183	20.870425321463898	21.241345202769534	32.987141444114734	0.0
113.0	29.394166043380704	18.598853153826976	19.621042134131137	32.38593866866118	0.0
114.0	30.188205771643663	16.762860727728985	21.93224592220828	31.11668757841907	0.0
115.0	28.060453400503775	20.377833753148614	19.093198992443323	32.46851385390428	0.0
116.0	29.362670713201823	19.448659585230146	17.830045523520486	33.35862417804755	0.0
117.0	30.495552731893266	18.221092757306227	19.339263024142312	31.944091486658195	0.0
118.0	27.15891670924885	15.661727133367398	21.512519161982627	35.66683699540113	0.0
119.0	23.994878361075543	22.791293213828425	26.73495518565941	26.478873239436616	0.0
120.0	27.08064931718629	21.28317443957743	22.004637979902085	29.63153826333419	0.0
121.0	29.976702045042714	18.560704115972044	18.793683665544915	32.66891017344033	0.0
122.0	28.538042066995583	18.384835107764218	21.345105167488963	31.732017657751232	0.0
123.0	31.153946340192757	20.161500390726754	17.29617087783277	31.38838239124772	0.0
124.0	30.989241668853317	17.94804513251115	20.125951193912357	30.936762004723168	0.0
125.0	29.570034291743603	18.5439198100765	21.287259298338167	30.59878659984173	0.0
126.0	30.583554376657823	20.0	19.416445623342174	30.0	0.0
127.0	28.259130898427088	18.208477739269526	23.113836310317247	30.418555051986136	0.0
128.0	31.187986055242696	18.42316975060338	19.3349423437919	31.053901850362024	0.0
129.0	31.090174966352624	20.107671601615074	16.95827725437416	31.843876177658142	0.0
130.0	29.35282967776875	20.33577037638776	18.142431627403198	32.16896831844029	0.0
131.0	31.818181818181817	19.40664126292869	19.542732716385412	29.232444202504084	0.0
132.0	29.611384783798577	18.828680897646414	21.75697865353038	29.802955665024633	0.0
133.0	28.15854665565648	20.368841178089735	20.286264794935317	31.18634737131847	0.0
134.0	25.51895931358981	20.453916412953223	19.734292831442016	34.29283144201495	0.0
135.0	25.278396436525615	17.316258351893097	19.265033407572382	38.14031180400891	0.0
136.0	24.747191011235955	19.297752808988765	20.421348314606742	35.53370786516854	0.0
137.0	28.3776144714528	18.0327868852459	19.869983041266252	33.71961560203505	0.0
138.0	29.72435350951975	18.272236430804206	20.375106564364877	31.628303495311165	0.0
139.0	28.31756950415592	17.942103754657495	21.55345371166523	32.18687302952135	0.0
140.0	29.408369408369406	18.4992784992785	19.71139971139971	32.38095238095238	0.0
141.0	29.57255015993021	19.5114858970631	19.94765920325676	30.96830473974993	0.0
142.0	29.181286549707604	16.92982456140351	19.239766081871345	34.64912280701755	0.0
143.0	32.6061320754717	18.985849056603772	17.83608490566038	30.571933962264154	0.0
144.0	29.10602910602911	17.404217404217405	19.245619245619245	34.244134244134244	0.0
145.0	28.60144057623049	20.048019207683073	17.647058823529413	33.70348139255702	0.0
146.0	30.68559347629115	19.42011476895198	18.846270009060706	31.048021745696165	0.0
147.0	29.66565349544073	16.96048632218845	17.051671732522795	36.32218844984803	0.0
148.0	24.411134903640257	21.321505047415112	21.78036096665647	32.48699908228816	0.0
149.0	30.049413218035824	20.413835701050033	18.128474366893144	31.408276714021	0.0
150.0	28.899937849596025	19.9502796768179	17.588564325668116	33.56121814791796	0.0
151.0	27.76735459662289	19.91869918699187	22.107567229518448	30.206378986866795	0.0
152.0	28.593897452028937	19.09405473419314	17.4268637936458	34.885184020132115	0.0
153.0	29.49367088607595	18.48101265822785	19.145569620253163	32.879746835443036	0.0
154.0	30.51658163265306	17.442602040816325	19.164540816326532	32.87627551020408	0.0
155.0	28.870292887029287	19.150305761184423	21.371097521725137	30.60830383006115	0.0
156.0	33.34415584415584	15.0974025974026	18.733766233766232	32.824675324675326	0.0
157.0	30.081833060556463	17.348608837970538	22.324058919803598	30.245499181669395	0.0
158.0	26.55217965653897	21.862615587846765	16.77675033025099	34.80845442536328	0.0
159.0	34.41039307128581	14.190539640239841	19.52031978680879	31.878747501665554	0.0
160.0	27.796383121232417	19.189551239115872	22.638981915606163	30.37508372404555	0.0
161.0	27.125506072874494	17.982456140350877	23.110661268556004	31.781376518218625	0.0
162.0	29.962546816479403	18.283963227783453	18.658495062989445	33.09499489274771	0.0
163.0	27.705479452054792	18.15068493150685	18.08219178082192	36.06164383561644	0.0
164.0	30.591081921880402	15.485655029381265	21.258209471137228	32.66505357760111	0.0
165.0	31.18242064876177	17.7886292291594	20.683641437042205	30.345308685036628	0.0
166.0	27.314165497896216	20.301542776998595	20.44179523141655	31.942496493688637	0.0
167.0	26.610049539985848	20.70063694267516	21.97452229299363	30.714791224345365	0.0
168.0	27.20456979650125	19.06461977865048	19.100321313816494	34.63048911103178	0.0
169.0	27.207465900933236	17.22900215362527	19.921033740129218	35.64249820531227	0.0
170.0	30.007230657989876	17.642805495300074	18.510484454085322	33.839479392624725	0.0
171.0	30.145985401459853	19.708029197080293	15.291970802919707	34.85401459854015	0.0
172.0	31.687546057479736	20.596904937361828	17.05969049373618	30.655858511422256	0.0
173.0	28.7143386439422	17.93256761763616	19.97035939236754	33.38273434605409	0.0
174.0	29.621297337832768	19.23509561304837	18.147731533558307	32.995875515560556	0.0
175.0	24.895951570185396	19.371925841846387	23.496027241770715	32.2360953461975	0.0
176.0	29.34865900383142	19.233716475095786	18.773946360153257	32.64367816091954	0.0
177.0	29.024767801857585	21.787925696594428	19.34984520123839	29.8374613003096	0.0
178.0	26.231430805316652	20.52384675527756	20.60203283815481	32.64268960125098	0.0
179.0	25.365468194389567	19.08336625839589	24.970367443698144	30.5807981035164	0.0
180.0	27.96	15.64	22.2	34.2	0.0
181.0	30.666666666666664	19.959595959595962	18.02020202020202	31.353535353535356	0.0
182.0	33.401221995926676	17.80040733197556	18.981670061099795	29.816700610997966	0.0
183.0	26.69404517453799	22.299794661190965	21.930184804928132	29.075975359342916	0.0
184.0	28.57142857142857	20.348837209302324	19.725913621262457	31.353820598006642	0.0
185.0	28.673684210526318	21.726315789473684	22.48421052631579	27.11578947368421	0.0
186.0	33.177570093457945	15.675446049277825	21.240441801189462	29.906542056074763	0.0
187.0	30.77916487300904	18.725785622040465	17.6926388291003	32.80241067585019	0.0
188.0	26.914660831509845	21.35667396061269	20.08752735229759	31.64113785557987	0.0
189.0	29.03368794326241	18.97163120567376	19.99113475177305	32.00354609929078	0.0
190.0	29.789143113503812	17.765814266487215	20.09869896814715	32.34634365186182	0.0
191.0	26.784101174345075	20.957542908762424	19.602529358626917	32.65582655826558	0.0
192.0	31.990846681922196	19.633867276887873	19.267734553775746	29.107551487414185	0.0
193.0	28.84882108183079	18.723994452149793	22.330097087378643	30.097087378640776	0.0
194.0	28.40430510060833	21.244735610669164	22.55498362189986	27.79597566682265	0.0
195.0	26.355851569933396	21.122740247383444	19.457659372026644	33.06374881065652	0.0
196.0	28.248315688161696	20.019249278152067	19.345524542829644	32.38691049085659	0.0
197.0	29.211295034079843	18.597857838364167	20.934761441090554	31.256085686465436	0.0
198.0	26.636681659170414	22.938530734632685	21.339330334832585	29.08545727136432	0.0
199.0	29.759414225941423	22.5418410041841	18.619246861924683	29.079497907949794	0.0
200.0	27.898550724637683	14.432367149758454	21.135265700483092	36.533816425120776	0.0
201.0	32.863070539419084	16.59751037344398	16.431535269709542	34.107883817427386	0.0
202.0	34.92462311557789	17.922948073701843	19.09547738693467	28.05695142378559	0.0
203.0	30.313293818797625	17.781541066892466	21.8458933107536	30.05927180355631	0.0
204.0	29.58226768968457	16.879795396419436	28.9002557544757	24.637681159420293	0.0
205.0	33.738074588031225	17.17259323503903	25.151777970511706	23.937554206418042	0.0
206.0	28.947368421052634	20.43859649122807	23.596491228070178	27.017543859649123	0.0
207.0	26.83790965456156	24.269264836138174	16.474756421612046	32.41806908768822	0.0
208.0	29.919137466307276	17.16082659478886	20.395327942497754	32.52470799640611	0.0
209.0	23.007246376811594	22.3731884057971	22.916666666666664	31.70289855072464	0.0
210.0	24.725274725274726	19.047619047619047	18.13186813186813	38.095238095238095	0.0
211.0	30.976744186046513	15.813953488372093	19.441860465116278	33.76744186046511	0.0
212.0	29.09604519774011	17.984934086629	21.1864406779661	31.732580037664782	0.0
213.0	29.866412213740457	20.515267175572518	16.221374045801525	33.396946564885496	0.0
214.0	29.62245885769603	25.556631171345597	16.16650532429816	28.654404646660215	0.0
215.0	28.795298726738494	22.820763956904997	16.552399608227226	31.831537708129286	0.0
216.0	29.220138203356367	18.16386969397828	18.26258637709773	34.35340572556762	0.0
217.0	28.254288597376387	16.44803229061554	26.63975782038345	28.65792129162462	0.0
218.0	26.43080124869927	19.979188345473464	19.667013527575442	33.92299687825182	0.0
219.0	21.700223713646533	20.917225950782996	23.042505592841163	34.34004474272931	0.0
220.0	0.0	27.74774774774775	28.468468468468465	43.78378378378379	0.0
