# Position (bp)	A	C	G	T	N
0.0	35.691956742142615	9.707671510645488	32.43494423791822	22.135856708347415	0.02957080094626563
1.0	33.309449549017955	17.31433870016016	23.177105285340975	26.19910646548091	0.0
2.0	34.95896087337636	17.244401944378037	24.368475575743087	23.42816160650251	0.0
3.0	31.136811572645122	16.730504629801793	28.965081253951137	23.167602543601948	0.0
4.0	31.762287943707108	18.051346361514614	25.620928693350052	24.565437001428222	0.0
5.0	33.032266509588325	18.348713921068132	24.173702467438968	24.445317101904575	0.0
6.0	26.186594481528193	20.01907164169922	25.58983666061706	28.204497216155527	0.0
7.0	25.531380753138077	19.87168758716876	26.728033472803347	27.86889818688982	0.0
8.0	27.048515757813522	18.519680920622466	26.25081731397934	28.180986007584675	0.0
9.0	28.54842704978945	19.6556849145405	26.63363884072331	25.162249194946746	0.0
10.0	28.926632004621606	21.582900057770075	24.00462160600809	25.485846331600232	0.0
11.0	28.862584741203058	19.132680512213494	25.28354675562251	26.72118799096094	0.0
12.0	30.629794605295718	20.421925266023262	22.715087024663863	26.233193104017154	0.0
13.0	28.825041343720738	20.695769989439917	24.359919504273844	26.1192691625655	0.0
14.0	28.630880463341196	20.037205377519513	24.503768482826075	26.828145676313213	0.0
15.0	26.13267558094249	18.964781810426366	26.047365590400773	28.85517701823038	0.0
16.0	25.11147576071059	20.727357043484464	25.842756750972068	28.318410444832875	0.0
17.0	25.831837636338534	19.589603755349994	24.887822725390034	29.690735882921444	0.0
18.0	26.849324189360146	21.141554031560027	24.404088155003663	27.60503362407617	0.0
19.0	25.919302922911857	19.029814351204603	24.161979386806255	30.888903339077284	0.0
20.0	27.744957584147578	18.526149735202743	25.737649501794824	27.99124317885485	0.0
21.0	29.80750844540761	17.633373701319396	24.509210274714768	28.049907578558226	0.0
22.0	29.86030729224475	18.03795963023451	23.33074349501324	28.770989582507493	0.0
23.0	28.4499114596509	19.015621047305846	22.927207184416897	29.60726030862636	0.0
24.0	27.578577369090024	16.550284808636842	23.85017339589185	32.02096442638128	0.0
25.0	26.90358515729191	16.68784812112654	28.224680316937317	28.18388640464423	0.0
26.0	25.331292989209313	19.503691550451187	24.290086451694325	30.874929008645168	0.0
27.0	26.32729493835694	17.08806841013936	24.549531448411106	32.0351052030926	0.0
28.0	28.624090541632984	17.232012934519	24.75990299110752	29.383993532740497	0.0
29.0	27.314717952844614	18.83157640621228	24.721976341836324	29.131729299106784	0.0
30.0	27.78526979381611	18.233220140705477	24.85580125757551	29.125708807902907	0.0
31.0	26.345929803258784	18.10380191326321	27.742316590912818	27.807951692565187	0.0
32.0	26.461655277145024	18.175365620151197	23.36172460466805	32.00125449803572	0.0
33.0	25.798942502743504	18.098832762462173	24.383957966146784	31.718266768647535	0.0
34.0	27.81414387442702	16.809593883729978	24.478611660831177	30.89765058101182	0.0
35.0	27.00121727501843	19.047782330653042	23.558557786273937	30.392442608054587	0.0
36.0	26.928609806402413	18.092795119330294	24.391216181083937	30.587378893183352	0.0
37.0	26.531319290465632	17.835365853658537	26.81021341463415	28.823101441241683	0.0
38.0	27.586806461147916	18.88442612974458	23.67986368299341	29.848903726114095	0.0
39.0	27.635168217108486	18.988249283066377	22.80023781212842	30.57634468769672	0.0
40.0	26.847303649712146	17.921090160038027	25.05149738551735	30.180108804732477	0.0
41.0	28.461837593240713	17.718386537985648	24.132993954820236	29.686781913953407	0.0
42.0	27.082363056640276	17.739046322502062	23.19170279081432	31.986887830043347	0.0
43.0	28.27001173179316	18.343109827632887	24.847937911740818	28.53894052883314	0.0
44.0	28.285844333181608	18.381429221665908	23.736003641329084	29.596722803823393	0.0
45.0	30.395805452178852	17.940491686068892	22.50169578528608	29.162007076466168	0.0
46.0	26.200355660936577	19.724362774155306	25.153749259039714	28.921532305868407	0.0
47.0	26.69709496997699	20.802858265212592	23.01951027890533	29.480536485905084	0.0
48.0	31.434635135391204	19.979913971159494	21.57542682811286	27.01002406533644	0.0
49.0	27.204942886019946	19.405404374606686	24.270104311676423	29.119548427696945	0.0
50.0	30.434866715673	19.29817773822881	21.787828374666304	28.47912717143189	0.0
51.0	29.102639296187682	22.066471163245357	22.14076246334311	26.690127077223853	0.0
52.0	28.422613164657047	19.46629768728998	23.866376754299267	28.24471239375371	0.0
53.0	27.41333439224874	19.769288805940516	23.73426517889052	29.08311162292022	0.0
54.0	27.18487479198829	19.63029051466608	23.2471880826834	29.937646610662227	0.0
55.0	27.101913410085942	19.6874493270634	24.173017674720285	29.03761958813037	0.0
56.0	26.172188703333816	20.315878343594918	22.589214010666556	30.92271894240471	0.0
57.0	28.16482849549003	19.385555532302284	22.279890337567753	30.16972563463993	0.0
58.0	26.385823429541595	19.817487266553478	22.786502546689306	31.010186757215617	0.0
59.0	24.56419747772565	20.417079154650715	23.62372487410149	31.39499849352215	0.0
60.0	26.8248254326235	18.805568807737348	23.849590146159517	30.52001561347964	0.0
61.0	27.87288750192295	19.183350548315495	25.369755840274266	27.574006109487286	0.0
62.0	27.822829440282064	19.182459233142353	23.89378580872631	29.100925517849273	0.0
63.0	28.24505594732276	18.537138789402263	23.488977376370876	29.728827886904103	0.0
64.0	25.113152892187923	19.715759934823936	26.66334751516249	28.507739657825653	0.0
65.0	27.030130442770535	19.940749586625024	22.61390777144957	30.41521219915488	0.0
66.0	29.432367431760337	18.588740747659187	22.763677119574098	29.215214701006374	0.0
67.0	27.612221803093174	16.934647302904565	25.365428140324408	30.08770275367786	0.0
68.0	27.98292066218215	19.922713610991842	22.601498020132627	29.49286770669338	0.0
69.0	32.279279716546135	17.75954958015823	21.868174537688688	28.092996165606948	0.0
70.0	30.087624298513337	18.900758097863545	22.17436250861475	28.834793738308555	0.002461356699812937
71.0	29.86005816410231	19.977132062339987	20.92664860431011	29.236161169247595	0.0
72.0	30.075679481054983	16.101375304855054	23.209212279687225	30.613732934402737	0.0
73.0	29.08869309092756	18.447045679607953	23.49490897087576	28.96935225858873	0.0
74.0	30.963008568057056	18.754809912267202	23.24149607511159	27.040685444564154	0.0
75.0	29.699238347760538	18.11328602251163	22.446645350801944	29.74083027892589	0.0
76.0	31.355328744362687	18.458738824274075	22.69430598412322	27.491626447240026	0.0
77.0	29.78820010149302	18.004326807510484	24.494538073235223	27.712935017761275	0.0
78.0	29.272960927460147	18.169141169715363	22.552155962048506	30.00300768326361	0.0027342575123725154
79.0	29.436552898166497	18.996455780984007	23.09602880026791	28.470962520581587	0.0
80.0	27.290926521175212	18.29357694693509	21.95905938081543	32.45643715107427	0.0
81.0	31.502168107285417	19.021910806076445	22.594262412773165	26.881658673864973	0.0
82.0	29.97733612273361	19.61297071129707	22.152487215248723	28.257205950720593	0.0
83.0	30.982785695238658	18.055761310775978	22.677846582323486	28.28360641166188	0.0
84.0	29.895226305142064	18.5422265165011	22.334611552281167	29.22491621123826	0.003019414837404511
85.0	28.386839359155363	18.657540973543675	23.93346019274446	29.01909029525505	0.003069179301454791
86.0	26.221432357434605	17.999563495775263	24.865151373429363	30.91073488604122	0.0031178873195522715
87.0	28.53717026378897	18.407673860911274	23.478816946442844	29.576338928856917	0.0
88.0	30.54637116574459	19.497823026811144	23.12829410416735	26.82751170327692	0.0
89.0	28.279437668250857	21.120675329854762	22.88211638804879	27.714447140150885	0.003323473694705706
90.0	29.360425473885176	19.944088367653077	22.869221328242194	27.826264830219554	0.0
91.0	28.5908236440855	20.023671934832556	23.992202186172808	27.389821068022002	0.0034811668871405693
92.0	31.81174805378627	17.034677990092003	23.421797593772116	27.72823779193206	0.0035385704175513095
93.0	30.0	18.228941684665227	24.614830813534915	27.15262778977682	0.0035997120230381566
94.0	28.889375364856978	18.410683012259195	24.879597197898423	27.816695855224754	0.0036485697606538237
95.0	30.45171339563863	17.97581961133363	22.359442219255303	29.21302477377244	0.0
96.0	26.997889022919182	17.276085645355852	26.3231302774427	29.40289505428227	0.0
97.0	26.10797743755036	19.34307969763248	26.13100034534362	28.417942519473545	0.0
98.0	26.609659911756665	17.99617351919097	23.509429541993672	31.884737027058684	0.0
99.0	27.459377251260708	18.374289602177218	24.673817337709117	29.49251580885296	0.0
100.0	30.549306720111254	18.7778641253221	23.915088551679005	26.75774060288764	0.0
101.0	29.398848241289304	17.848116998798524	24.402369805692505	28.350664954219663	0.0
102.0	31.03826983188308	19.916363943566783	22.9787953028639	26.06657092168624	0.0
103.0	29.274065149102803	19.99225439993115	24.411549550324885	26.32213090064116	0.0
104.0	27.554479418886196	19.30442438917015	24.098613251155623	29.042482940788027	0.0
105.0	25.333930972658003	20.031376064545046	25.015688032272525	29.61900493052443	0.0
106.0	24.97139457183395	18.07405373243627	25.4336582909973	31.52089340473248	0.0
107.0	26.48046255712021	19.257670428051853	24.29357455935839	29.968292455469552	0.0
108.0	27.237540020069765	18.71266784536723	25.15410713432408	28.895685000238924	0.0
109.0	28.083057770861704	19.276405368605328	24.43590741100953	28.204629449523438	0.0
110.0	28.711644277003916	18.693302929658454	23.680166559262382	28.914886234075247	0.0
111.0	27.618760670884807	18.755649291955407	25.83107361655117	27.794516420608616	0.0
112.0	28.324821246169563	18.748723186925435	24.545454545454547	28.38100102145046	0.0
113.0	27.31876194905183	17.433989562341758	25.375910711517598	29.871337777088826	0.0
114.0	25.975787935712795	18.905238989772492	25.64182842830307	29.477144646211645	0.0
115.0	27.916556641140744	19.456033799841563	24.900977026670187	27.726432532347506	0.0
116.0	25.69350929167789	19.057366011311608	25.601939132776728	29.647185564233773	0.0
117.0	25.238200753379125	18.939729669842677	25.980500775537337	29.841568801240857	0.0
118.0	26.59453948113742	18.87390959555908	24.87821456893622	29.653336354367283	0.0
119.0	26.932381062089622	18.655684828936757	24.438428752447873	29.97350535652575	0.0
120.0	26.613280336684593	18.014963759644612	26.987374327799863	28.384381575870936	0.0
121.0	27.420787681373998	19.88155167308262	24.151613858454247	28.54604678708913	0.0
122.0	26.275449101796404	18.892215568862277	24.419161676646706	30.41317365269461	0.0
123.0	26.003893891457775	18.708931613531274	26.362862010221466	28.92431248478949	0.0
124.0	26.74324743868364	17.85780813411984	24.414778019248683	30.984166407947843	0.0
125.0	24.73621027358312	19.59310039805396	23.257724142288495	32.41296518607443	0.0
126.0	24.76011410788382	18.78890041493776	24.993516597510375	31.45746887966805	0.0
127.0	24.861367837338264	19.40190124108793	27.310536044362294	28.426194877211515	0.0
128.0	25.14941591958707	21.706058136375987	23.709589785384406	29.43493615865254	0.0
129.0	25.038880248833596	21.11550968471653	24.34610490598049	29.49950516046939	0.0
130.0	27.582176771365962	18.400292184075965	24.64572680788897	29.371804236669103	0.0
131.0	24.537317961165048	21.19235436893204	24.704186893203882	29.56614077669903	0.0
132.0	26.539413784841464	18.624710486382874	24.02364028432234	30.812235444453318	0.0
133.0	27.193203801833626	18.18487677685255	25.956766759189165	28.665152662124655	0.0
134.0	26.153573642724293	17.93463820742184	26.029581082277918	29.882207067575944	0.0
135.0	27.83107599699022	18.651241534988714	25.04702784048157	28.470654627539503	0.0
136.0	24.205598167148125	20.17133180595677	26.825381014045224	28.797689012849887	0.0
137.0	25.626859328516787	17.13769655758606	26.976200594985126	30.259243518912026	0.0
138.0	25.174337517433752	18.491399349139932	25.499767549976752	30.834495583449556	0.0
139.0	25.134023189128534	20.49619748161077	27.09138511407555	27.278394215185138	0.0
140.0	23.36760582187208	20.042729336359994	25.237014287621847	31.352650554146084	0.0
141.0	23.89123164170423	19.33982841355242	27.119383452086666	29.649556492656682	0.0
142.0	24.819740426213748	21.118410511136034	24.45120974202852	29.610639320621697	0.0
143.0	23.515151515151516	18.112554112554115	27.2034632034632	31.16883116883117	0.0
144.0	23.32135426517874	17.874030641195386	26.63135993947418	32.17325515415169	0.0
145.0	21.79987672077255	20.073967536470107	22.23135401684816	35.89480172590919	0.0
146.0	20.457196174480988	16.445066480055985	25.7989269885701	37.29881035689293	0.0
147.0	19.271106449921344	21.78814892501311	24.488725747246985	34.45201887781856	0.0
148.0	19.487951807228914	22.740963855421686	22.439759036144576	35.33132530120482	0.0
149.0	18.284260268993094	26.535805161759363	19.120319883678665	36.023264267539076	0.03635041802980734
150.0	21.571238348868178	23.10252996005326	20.372836218375497	34.88681757656458	0.06657789613848203
