# Position (bp)	A	C	G	T	N
0.0	48.623006497342	9.956438275251035	21.65903721204962	19.713526284701715	0.04799173065564087
1.0	43.14507198228129	15.00184569952012	15.031376891842008	26.803248431155406	0.018456995201181246
2.0	44.00014383832572	14.45934769319285	18.45086123197526	23.086051278363122	0.003595958143047215
3.0	43.82278658622141	15.732425985688229	18.685982881998036	21.758804546092325	0.0
4.0	42.67298707499233	17.099205401902942	16.77522763700849	23.45257988609624	0.0
5.0	40.31909589496427	18.387900947315938	17.995678909755693	23.297324247964102	0.0
6.0	34.71938195864576	18.78469179082676	17.10000973804655	29.39591651248093	0.0
7.0	36.78397366921957	17.42515349072726	19.96961833027407	25.821254509779102	0.0
8.0	36.27420842299416	18.662772825084538	17.80817706732247	27.25484168459883	0.0
9.0	40.45737296030291	17.841151546112933	19.11830994380503	22.583165549779128	0.0
10.0	37.37618699780862	19.737034331628927	19.488677867056246	23.398100803506207	0.0
11.0	35.50029703810574	20.16747291295369	18.696427055928034	25.632974058672097	0.0028289343404339583
12.0	36.12688089070165	19.65220746293336	18.078597806316484	26.1423138400485	0.0
13.0	37.40330449314035	18.845853211503734	20.34176976361823	23.40907253173769	0.0
14.0	37.06185296126964	17.89111356350833	20.600136633559305	24.444269273214566	0.0026275684481580743
15.0	33.64088554418701	19.538156233086777	21.08708538439731	25.733872838328907	0.0
16.0	32.35947679410131	20.430786323923034	20.88278369779304	26.326953184182617	0.0
17.0	33.839274624270274	18.889578934293876	20.799900633461682	26.471245807974164	0.0
18.0	33.134096265519844	17.76611512014967	21.447141434020946	27.652647180309547	0.0
19.0	29.89633824446897	19.079042088592406	21.66578682151941	29.358832845419208	0.0
20.0	32.60093315558941	16.337364311559703	21.162635688440297	29.899066844410587	0.0
21.0	33.49586952919734	17.14441262101451	21.963689729448244	27.396028120339906	0.0
22.0	33.98308288441546	17.047065494754747	21.59531235232965	27.374539268500143	0.0
23.0	31.81017681452086	16.350059877427384	20.93127010590086	30.90849320215089	0.0
24.0	33.30913688943006	14.6911441015314	23.045942022198286	28.953776986840257	0.0
25.0	34.98486874516152	15.443263659183145	23.75724306190912	25.814624533746215	0.0
26.0	34.61158889045538	15.56934066450491	22.25668499459561	27.5623854504441	0.0
27.0	34.29325540839893	15.520573125324033	21.765565348541262	28.42060611773578	0.0
28.0	35.71563310539967	15.055411459561425	22.68568733789201	26.5432680971469	0.0
29.0	35.00412979351032	14.909734513274337	22.355162241887903	27.730973451327433	0.0
30.0	32.657109793826606	15.681458564579742	23.50329452329783	28.158137118295823	0.0
31.0	32.04051208026692	16.794055704110367	24.88937267800942	26.27605953761329	0.0
32.0	31.614418946818862	16.094354398538172	22.795984717245307	29.495241937397658	0.0
33.0	30.204388714733543	15.984952978056427	25.928526645768024	27.882131661442006	0.0
34.0	31.01891551071879	15.876418663303909	23.624211853720052	29.480453972257255	0.0
35.0	29.879425346331452	17.786044125192408	23.44279117496152	28.891739353514623	0.0
36.0	30.725274725274726	15.850032320620555	24.990303813833226	28.43438914027149	0.0
37.0	31.463263087039817	15.960751825195466	23.47641485010097	29.09957023766375	0.0
38.0	28.819849983129593	18.93379013210828	21.85885956033118	30.38750032443095	0.0
39.0	31.05210995774868	18.593187627145166	22.054144280423557	28.30055813468259	0.0
40.0	29.866402254461953	18.742824339839263	22.42980899697318	28.960964408725605	0.0
41.0	30.264660093409447	16.190970420342502	23.03840166061235	30.505967825635704	0.0
42.0	28.984863140832918	18.237431701131996	24.08825913048025	28.689446027554833	0.0
43.0	28.499960711385842	20.503418109431887	22.905262055056443	28.09135912412583	0.0
44.0	31.833529642716922	17.641669938489727	21.264232430310166	29.26056798848318	0.0
45.0	31.30286314683478	17.65169424743893	21.552403467297086	29.49303913842921	0.0
46.0	28.826395508950327	19.023408537231226	24.09172757123186	28.05846838258659	0.0
47.0	30.253763670882687	20.464208358959272	20.64604112629355	28.63598684386448	0.0
48.0	31.509474707120877	19.483884899854235	22.158937537116017	26.84770285590887	0.0
49.0	30.37198418462035	17.60133408644665	23.3680303397079	28.6586513892251	0.0
50.0	29.980254794298233	18.335993075653892	22.079467690892862	29.604284439155016	0.0
51.0	31.72193151316325	17.710056123417292	22.88859366103625	27.679418702383213	0.0
52.0	29.24566907652435	19.639885418087573	22.70631564588733	28.408129859500754	0.0
53.0	30.905861456483123	16.330099740401693	23.776472195655142	28.987566607460035	0.0
54.0	29.544897458942724	17.032981997439876	24.127788217991668	29.29433232562573	0.0
55.0	30.153340635268343	18.822562979189485	23.45290251916758	27.57119386637459	0.0
56.0	28.471309680245295	18.35304424003504	24.5044897065265	28.671156373193167	0.0
57.0	27.425511465055607	16.94356721131402	26.327063023479337	29.303858300151038	0.0
58.0	26.993222767094604	17.204804672433742	22.35935864234944	33.44261391812221	0.0
59.0	24.715050334174546	18.0315593887795	24.972960980615102	32.28042929643085	0.0
60.0	26.746827727600152	16.56785061229013	24.23394469995013	32.451376960159585	0.0
61.0	27.468706536856747	17.585535465924895	24.803894297635605	30.141863699582753	0.0
62.0	27.518591761134164	18.31880344260925	23.318385650224215	30.844219146032366	0.0
63.0	27.903934991929646	17.470918906884844	24.606222519062726	30.01892358212278	0.0
64.0	26.09378505721337	17.97172986313664	27.597038366614314	28.337446713035675	0.0
65.0	27.90181081993027	17.34900461140479	22.418738049713195	32.33044651895175	0.0
66.0	28.759292633476008	16.664789366974546	26.05034917774274	28.52556882180671	0.0
67.0	30.05720374628456	16.05630643261735	24.830351634793338	29.056138186304747	0.0
68.0	31.393357477750637	16.20764198882619	22.58064516129032	29.81835537213285	0.0
69.0	31.978220391581562	17.604243073971677	23.26355583140552	27.15398070304125	0.0
70.0	31.804930514279246	16.288811525289407	22.198635758965217	29.707622201466133	0.0
71.0	28.604750391125016	19.564784525672025	22.341061015502774	29.48655952211634	0.002844545583842981
72.0	31.175332802366597	13.954943679599499	24.08692684036864	30.779952212993518	0.002844464671748777
73.0	29.256983558058824	17.019400352733687	22.830972293337883	30.892643795869603	0.0
74.0	31.202705801421693	20.41962852556753	22.55503324925476	25.82263242375602	0.0
75.0	34.64709430927006	17.97420355634713	21.32371951394674	26.054982620436068	0.0
76.0	33.460185665686446	17.378769532376175	24.078879086663207	25.082165715274172	0.0
77.0	35.60006927206604	16.241413150147203	22.82514575997229	25.333371817814466	0.0
78.0	33.903166922608875	17.883116506823516	21.03265436212442	27.181062208443198	0.0
79.0	29.49849928606813	18.748725121659817	24.573826383425125	27.178949208846927	0.0
80.0	30.44378353160718	17.421856776300444	20.944133426638675	31.190226265453695	0.0
81.0	31.46281427650472	18.173826408017348	24.389028892926216	25.974330422551724	0.0
82.0	30.11022044088176	20.532240952493222	23.331958033714486	26.025580572910528	0.0
83.0	31.22553090520821	18.65879701032151	22.69842211412979	27.41724997034049	0.0
84.0	33.543905871081705	16.42465794437292	23.074159456303704	26.95727672824167	0.0
85.0	31.149848743522927	18.264594003654118	23.988378710276457	26.5971785425465	0.0
86.0	30.191113377936457	16.85517986259038	26.50985568989829	26.44385106957487	0.0
87.0	31.267503839551903	17.836600716716354	24.073237570391782	26.82265787333996	0.0
88.0	30.684656149113724	18.75190351464945	23.101053785709937	27.46238655052689	0.0
89.0	30.222453413298243	18.178758299929623	23.885438022092348	27.713350264679782	0.0
90.0	28.78577810641772	19.530455679822534	23.280032042394552	28.40373417136519	0.0
91.0	32.57960599677859	17.714657415437987	21.738322388799407	27.967414198984013	0.0
92.0	31.233784501891154	17.136069519552375	24.29433278109468	27.335813197461782	0.0
93.0	30.73286052009456	17.25453112687155	24.94877856579984	27.063829787234045	0.0
94.0	33.197007165049776	16.492295986303976	23.765138545431487	26.54555830321476	0.0
95.0	32.86851952537819	16.845236191511816	22.083986311446573	28.202257971663414	0.0
96.0	32.269742111164504	17.578087457952908	24.3568797052699	25.795290725612684	0.0
97.0	30.81027223347154	19.68951885064121	23.92890431652364	25.571304599363607	0.0
98.0	30.959772345104124	19.07256499805976	21.986159617125857	27.981503039710258	0.0
99.0	32.89191123836793	16.184030715168866	20.452918591787597	30.471139454675605	0.0
100.0	32.3615730776756	18.619969999347813	21.13415509032805	27.884301832648532	0.0
101.0	32.925240948163584	16.846835113310757	21.659286272466787	28.568637666058873	0.0
102.0	34.38602220770738	17.3481384715872	20.604180274330503	27.661659046374922	0.0
103.0	31.158420395558185	19.16354556803995	21.522439056442604	28.155594979959265	0.0
104.0	30.213675213675213	21.203155818540434	22.314266929651545	26.268902038132808	0.0
105.0	30.549682875264274	19.232293868921776	21.336548625792812	28.881474630021142	0.0
106.0	28.59696748990267	16.437131695689597	24.243527775938556	30.72237303846918	0.0
107.0	29.864990689013037	20.583931896781056	21.142591114658156	28.405160947060388	0.003325352487363661
108.0	32.84223859204693	16.56611446285124	23.3558881370621	27.235758808039733	0.0
109.0	34.213259187296906	16.602458879099526	21.86861411678001	27.31566781682356	0.0
110.0	32.33492854991466	17.121247615541648	21.960443090927345	28.583380743616342	0.0
111.0	31.638209196020433	18.44245764990589	21.921215380478625	27.998117773595055	0.0
112.0	31.754556745325768	17.18975529522339	23.674935383169412	27.380752576281424	0.0
113.0	31.55096308186196	16.131621187800963	23.669074371321564	28.648341359015518	0.0
114.0	27.410380062725526	18.34215762317472	23.606380467406332	30.63770950662665	0.0033723400667723335
115.0	31.16772967838241	18.7983444157959	22.825349436829963	27.208576468991723	0.0
116.0	31.508243435782617	15.601465499694688	24.323224099328314	28.567066965194382	0.0
117.0	31.05835806132542	16.327296292506567	22.87253999113203	29.741805655035986	0.0
118.0	31.350106551178936	16.714786553928647	22.5201072386059	29.41499965628652	0.0
119.0	31.23592391116039	15.720176016077058	20.1898756106857	32.85402446207685	0.0
120.0	34.21658986175115	14.826839826839826	23.2579248708281	27.698645440580925	0.0
121.0	32.25806451612903	16.479663394109398	21.3218793828892	29.94039270687237	0.0
122.0	31.975495546245114	18.8747667499912	20.237298876879205	28.912438826884486	0.0
123.0	32.62904140669314	16.00609756097561	22.724049914917753	28.6408111174135	0.0
124.0	28.28279228877882	16.56273384884011	24.288208673342123	30.86626518903895	0.0
125.0	28.098432399469097	15.615023137353374	20.82361803637407	35.462926426803456	0.0
126.0	27.52545310130695	17.64387320384143	22.409560257058274	32.421113437793345	0.0
127.0	31.397935737991904	17.713993945804006	23.527480943871037	27.35694226631168	0.0036471060213720415
128.0	32.21483901758508	18.649730166305662	20.760674033554828	28.374756782554428	0.0
129.0	33.04738562091503	17.00460487225193	22.556446821152704	27.39156268568033	0.0
130.0	33.08123565488957	17.67693870640027	23.5165744816947	25.725251157015467	0.0
131.0	35.70556826849733	16.83066361556064	21.559877955758964	25.903890160183067	0.0
132.0	34.112802983219396	16.772840273461778	22.638284648850217	26.476072094468616	0.0
133.0	30.51824932848791	17.463264338758098	25.225154052772954	26.79333227998104	0.0
134.0	36.81157084726643	16.067040006446152	20.708271221949158	26.413117924338263	0.0
135.0	35.0880811914683	18.243326869920377	23.771607739593218	22.89698419901811	0.0
136.0	31.997294097750718	17.951970235075258	23.22002367664468	26.830711990529345	0.0
137.0	33.87320284081067	17.183440152433743	21.68283388186385	27.26052312489174	0.0
138.0	33.14482636741186	17.844835203675885	23.62817000971989	25.382168419192364	0.0
139.0	33.87213292396605	19.171031244356147	23.166877370417193	23.78995846126061	0.0
140.0	31.17584599048982	17.616915193204377	24.287890679100688	26.919348137205112	0.0
141.0	30.02277688146531	18.83837904526905	26.383221030653885	24.75562304261175	0.0
142.0	34.95319850623211	18.167709394248025	21.722682962316313	25.15640913720355	0.0
143.0	34.83938235440147	16.61287920162852	25.043443721761584	23.504294722208428	0.0
144.0	31.484702752481326	17.860431801903204	23.017497186125038	27.63736825949043	0.0
145.0	32.58250392875851	17.45416448402305	18.810895756940806	31.152435830277632	0.0
146.0	29.660093692123326	18.406144460180847	22.34992918618586	29.583832661509966	0.0
147.0	31.671722085503344	17.52418016368111	22.692153608424427	28.111944142391117	0.0
148.0	28.982954902824076	21.850430844707212	20.347191647273412	28.819422605195292	0.0
149.0	30.520857883572944	22.14628014769424	14.15665016890565	33.15264356980124	0.023568230025925053
150.0	32.540913006029285	13.574504737295435	14.659776055124892	39.15590008613265	0.06890611541774332
