# Position (bp)	A	C	G	T	N
0.0	19.82962612399432	21.274316885445984	23.638129872717762	35.25792711784193	0.0
1.0	24.308167484494483	17.368670137245623	17.244127830223928	41.07903454803597	0.0
2.0	24.37359900373599	21.805728518057286	20.84931506849315	32.971357409713576	0.0
3.0	26.97183273977038	22.830174582223	12.103703334744601	38.09428934326202	0.0
4.0	32.153796349328886	10.048061359165276	12.598052643374755	45.20008964813108	0.0
5.0	34.8066435917229	12.619836151298589	20.794840508976815	31.778679748001693	0.0
6.0	30.06150245262817	15.85368890216877	25.1786559099624	28.90615273524066	0.0
7.0	29.673065909713404	20.437738104130872	24.25487413162023	25.634321854535496	0.0
8.0	22.00891412066433	26.045168198003037	17.143497422872937	34.8024202584597	0.0
9.0	26.35890540574189	17.053858220661837	18.29386718458206	38.29336918901422	0.0
10.0	17.270486292671997	19.601105550160604	27.53915490152138	35.58925325564603	0.0
11.0	22.52682951121735	14.618659893926944	17.82077139513458	45.033739199721126	0.0
12.0	23.928687034685392	24.16523492940913	20.821194691367246	31.084883344538234	0.0
13.0	27.344936630063994	19.670824929658124	14.347252309454445	38.63698613082344	0.0
14.0	29.914593760115537	21.461118996040934	15.203804686138294	33.42048255770524	0.0
15.0	21.354049948955453	15.435372625183636	22.73598764970992	40.47458977615099	0.0
16.0	30.290580413834316	19.518936281467095	21.3117203256891	28.878762979009487	0.0
17.0	25.883319638455216	16.809840392420508	17.85314110704415	39.45369886208013	0.0
18.0	25.106446552625684	21.77236622594059	28.047110380717612	25.07407684071612	0.0
19.0	21.005453051467843	21.73501655835263	24.857448768705957	32.40208162147356	0.0
20.0	27.12830855805383	16.732651079405393	15.542441672269117	40.596598690271655	0.0
21.0	31.921515898508503	14.22524339533378	20.751475311869726	33.10176539428799	0.0
22.0	28.63225517292896	15.786459500510444	26.921640397400466	28.659644929160134	0.0
23.0	29.344388834939366	25.31560469111825	19.58865566096462	25.751350812977762	0.0
24.0	30.41507930579418	19.563755882572647	16.901969572470804	33.119195239162366	0.0
25.0	25.176165932123208	18.166878314783	25.669181544284257	30.987774208809544	0.0
26.0	32.75067851896118	11.849804536739624	19.230098852120218	36.16941809217898	0.0
27.0	25.512312940414834	19.2450387191554	26.40621498468664	28.836433355743136	0.0
28.0	21.71758671347825	15.704290231816936	17.52695401010931	45.051169044595504	0.0
29.0	22.22056223699609	23.91125718981101	14.984686636288938	38.88349393690396	0.0
30.0	26.16467768512508	19.6210116342937	16.752384281220355	37.46192639936086	0.0
31.0	36.85711426856113	13.933360016009605	15.786972183309986	33.42255353211927	0.0
32.0	38.060676076146464	13.335677331859962	17.137977798985386	31.465668793008188	0.0
33.0	27.72580110638081	13.365793968440103	27.320468044969026	31.58793688021006	0.0
34.0	28.99499848020117	18.284561607118185	24.899831440492967	27.82060847218768	0.0
35.0	24.29386853249862	18.08874976983981	28.17160743877739	29.44577425888418	0.0
