# Position (bp)	A	C	G	T	N
0.0	56.56140350877193	10.859649122807017	13.771929824561404	18.80701754385965	0.0
1.0	13.747150622479396	55.84779940382255	15.325267403121165	15.079782570576889	0.0
2.0	19.77391304347826	50.03478260869565	11.252173913043478	18.93913043478261	0.0
3.0	56.25108075393395	12.692374200242087	13.107383710876707	17.94916133494726	0.0
4.0	55.816361753538146	12.081463583016914	12.443907490507423	19.65826717293752	0.0
5.0	19.018087855297157	50.42204995693368	12.02411714039621	18.535745047372952	0.0
6.0	19.216225507047096	51.13441045032657	12.117566173942935	17.531797868683398	0.0
7.0	57.28505234254333	12.167496138664836	12.493564441393513	18.05388707739832	0.0
8.0	56.75860887442179	13.277368511221518	11.22151790303238	18.742504711324308	0.0
9.0	18.732876712328768	50.530821917808225	10.787671232876713	19.9486301369863	0.0
10.0	17.419575633127995	10.69472963723477	12.765229295003422	59.120465434633815	0.0
11.0	17.162393162393165	12.803418803418804	12.051282051282051	57.98290598290598	0.0
12.0	16.98531922157733	11.317855923523387	12.546944349607376	59.149880505291904	0.0
13.0	17.743310039202317	48.13362877109255	11.811828873359469	22.31123231634566	0.0
14.0	16.873617962238477	11.974825650620854	52.764075523048135	18.387480864092534	0.0
15.0	52.66191929467616	12.767039674465922	13.377416073245168	21.19362495761275	0.0
16.0	16.999661361327465	12.343379613951914	14.087368777514392	56.569590247206236	0.0
17.0	19.25350447559534	47.52575578449586	12.818780611383213	20.401959128525586	0.0
18.0	16.770710308756538	13.362578032731568	13.818120465665599	56.048591192846295	0.0
19.0	19.235947492426792	50.48805116122518	12.571524739145069	17.704476607202963	0.0
20.0	18.032236400268637	13.465413028878443	12.978509066487575	55.52384150436534	0.0
21.0	18.67671691792295	13.182579564489114	13.015075376884422	55.12562814070352	0.0
22.0	18.85656970912738	11.751922433968574	50.083584085590104	19.30792377131394	0.0
23.0	18.222816101553367	13.729747786871554	12.811090696509103	55.236345415065976	0.0
24.0	55.829858215179314	10.208507089241033	12.493744787322768	21.467889908256883	0.0
25.0	18.366666666666667	11.116666666666667	48.583333333333336	21.933333333333334	0.0
26.0	55.96070596070596	10.672660672660673	11.555111555111555	21.81152181152181	0.0
27.0	16.763678696158323	14.21919175120572	9.7289206718776	59.288208880758354	0.0
28.0	17.50041548944657	48.62888482632541	9.921887984045204	23.948811700182816	0.0
29.0	20.48812883944878	10.227461397974432	10.991200398472522	58.29320936410427	0.0
30.0	19.25196193020538	11.9719485723827	47.470362330940056	21.305727166471865	0.0
31.0	19.863013698630137	10.257266956231206	12.061476779151354	57.8182425659873	0.0
32.0	17.665773610180842	11.654387139986603	11.872069658405895	58.80776959142666	0.0
33.0	18.592964824120603	48.324958123953095	11.457286432160805	21.624790619765495	0.0
34.0	20.03017096882333	11.733154542406973	12.738853503184714	55.49782098558498	0.0
35.0	18.107064943782515	48.56519550260111	11.12602785702299	22.20171169659339	0.0
36.0	19.418291862811028	12.18897108271688	11.466039004707465	56.926698049764624	0.0
37.0	55.37788251136172	12.354822420467935	12.287493687931326	19.979801380239017	0.0
38.0	54.715707777965235	13.210730555086892	10.663067319048421	21.41049434789944	0.0
39.0	56.92099932478055	12.221471978392978	9.38555030384875	21.471978392977718	0.0
40.0	18.327974276527332	49.66999492299882	13.640209849382298	18.361820951091556	0.0
41.0	18.874341098452643	11.137561639177012	50.875701411324606	19.11239585104574	0.0
42.0	56.9797170615306	10.090335776376342	12.698142151014146	20.231805011078915	0.0
43.0	56.391363947909525	12.919808087731322	12.045921864290609	18.64290610006854	0.0
44.0	20.245081118398343	49.4994822229893	10.61442871936486	19.641007939247498	0.0
45.0	28.519768563162973	13.621022179363548	15.501446480231436	42.357762777242044	0.0
46.0	29.186860527732904	16.15508885298869	20.490037695207324	34.168012924071085	0.0
47.0	31.464435146443513	17.824267782426777	18.91213389121339	31.799163179916317	0.0
48.0	26.53576437587658	18.962131837307155	18.625525946704066	35.8765778401122	0.0
49.0	25.691699604743086	19.791078486730658	19.480519480519483	35.03670242800678	0.0
50.0	27.072135785007074	23.083451202263085	18.444130127298443	31.400282885431402	0.0
51.0	27.62745656508117	18.997436627741386	17.288521788664198	36.08658501851325	0.0
52.0	30.76923076923077	17.672290534744068	18.75893623105519	32.799542464969974	0.0
53.0	29.767040552200175	19.729651998849583	20.937589876330172	29.565717572620077	0.0
54.0	30.043290043290042	21.818181818181817	16.103896103896105	32.03463203463203	0.0
55.0	29.843840370156162	17.640254482359747	19.98264893001735	32.53325621746674	0.0
56.0	26.71689365401333	19.26977687626775	21.12431179368299	32.889017676035934	0.0
57.0	32.19796215429403	16.622998544395927	19.592430858806402	31.58660844250364	0.0
58.0	30.455075845974328	18.844807467911316	18.465577596266044	32.234539089848305	0.0
59.0	25.65982404692082	21.407624633431084	21.436950146627566	31.495601173020525	0.0
60.0	27.015057573073513	17.95098907587836	18.748154709182167	36.28579864186596	0.0
61.0	28.355106888361043	17.844418052256533	23.248218527315913	30.552256532066508	0.0
62.0	30.425721941053887	20.06549568323906	20.482286394760347	29.02649598094671	0.0
63.0	34.10110679030811	17.14029314986539	19.682919533353274	29.07568052647323	0.0
64.0	29.726480312593928	19.206492335437332	21.490832581905618	29.57619477006312	0.0
65.0	30.567290283645143	19.221484610742305	20.60953530476765	29.6016898008449	0.0
66.0	28.696703961294222	16.389476867251286	21.711521016026612	33.202298155427876	0.0
67.0	28.684050939963612	17.738023044269255	20.012128562765312	33.565797453001814	0.0
68.0	26.328649969456325	19.5174098961515	19.975565058032988	34.17837507635919	0.0
69.0	27.25045927740355	19.473361910593997	21.249234537660747	32.0269442743417	0.0
70.0	27.26157620361852	21.34314627414903	19.809874271695797	31.585403250536647	0.0
71.0	28.60658258997232	19.28637342356198	21.07043986465703	31.036604121808676	0.0
72.0	28.39506172839506	19.074074074074073	19.444444444444446	33.086419753086425	0.0
73.0	27.450372208436725	19.47890818858561	20.037220843672458	33.03349875930521	0.0
74.0	31.477449455676513	15.894245723172629	20.808709175738723	31.81959564541213	0.0
75.0	29.08466104342393	19.587628865979383	22.243049047172757	29.08466104342393	0.0
76.0	28.017510944340213	19.262038774233897	18.855534709193243	33.86491557223265	0.0
77.0	30.79335214800878	19.8181248040138	17.77986829727187	31.60865475070555	0.0
78.0	28.91679748822606	19.529042386185242	19.591836734693878	31.96232339089482	0.0
79.0	29.430280138495434	21.183506452628265	18.2247403210576	31.1614730878187	0.0
80.0	29.103535353535353	18.244949494949495	21.180555555555554	31.470959595959595	0.0
81.0	26.520912547528518	18.40937896070976	18.789607097591887	36.28010139416983	0.0
82.0	30.651828298887125	17.869634340222575	21.08108108108108	30.39745627980922	0.0
83.0	28.639846743295017	18.997445721583652	21.807151979565774	30.555555555555557	0.0
84.0	28.7636130685458	18.609865470852018	20.307495195387574	32.3190262652146	0.0
85.0	31.686978832584987	17.7036561898653	20.55805003207184	30.05131494547787	0.0
86.0	30.64567940893029	18.40668165756505	22.389977513652426	28.55766141985223	0.0
87.0	31.219826198905697	18.66752494367557	21.11361441905375	28.999034438364983	0.0
88.0	33.03225806451613	19.096774193548388	16.612903225806452	31.258064516129032	0.0
89.0	29.615260265114774	16.812156482379567	18.20239249919172	35.370190753313935	0.0
90.0	30.76674215464251	16.273050792623746	18.117114202523453	34.84309285021029	0.0
91.0	29.386960752513787	19.396691534219915	18.131689912422967	33.08465780084334	0.0
92.0	29.1476903057905	18.70527000650618	17.534157449577098	34.61288223812622	0.0
93.0	32.80078252363873	16.269970655363547	19.041408542549725	31.887838278447994	0.0
94.0	30.746561886051083	16.07727570399476	21.11984282907662	32.05631958087754	0.0
95.0	30.81967213114754	17.868852459016395	20.852459016393443	30.459016393442624	0.0
96.0	28.900592495062543	17.050691244239633	19.68400263331139	34.364713627386436	0.0
97.0	30.61492929957251	18.513646826701745	19.00690562315028	31.86451825057547	0.0
98.0	33.355306526038234	20.10547132498352	16.051417270929466	30.48780487804878	0.0
99.0	31.495543083525916	18.68603499504787	18.55397821063057	31.264443710795643	0.0
100.0	33.865071452309735	13.858424725822532	18.810235958790294	33.466267863077434	0.0
101.0	34.23785594639866	18.12395309882747	17.889447236180906	29.748743718592962	0.0
102.0	33.53514968045745	15.943491422805248	20.5179952909519	30.0033636057854	0.0
103.0	29.475465313028764	19.18781725888325	19.4585448392555	31.878172588832488	0.0
104.0	26.564625850340136	17.61904761904762	21.598639455782312	34.21768707482993	0.0
105.0	30.433299215284887	18.66257250085295	19.617877857386556	31.286250426475604	0.0
106.0	31.642098045937605	17.038052793966404	19.437778539595474	31.882070620500514	0.0
107.0	31.98896932092382	19.23474663908997	18.40744570837642	30.368838331609787	0.0
108.0	34.27879626426842	17.77931511587686	16.53407125562089	31.407817364233832	0.0
109.0	26.536992011114968	19.24279263633206	22.05626953803404	32.16394581451893	0.0
110.0	27.145847871598043	18.70202372644801	19.818562456385205	34.333565945568736	0.0
111.0	28.596491228070175	18.912280701754387	19.649122807017545	32.8421052631579	0.0
112.0	26.291739894551846	18.84007029876977	23.339191564147626	31.528998242530754	0.0
113.0	29.075511644318986	20.395201129146084	18.172194777699367	32.357092448835566	0.0
114.0	30.627437079049987	17.29883020205601	19.567529244948602	32.50620347394541	0.0
115.0	27.528490028490026	18.447293447293447	20.548433048433047	33.47578347578348	0.0
116.0	28.57142857142857	17.92857142857143	18.285714285714285	35.214285714285715	0.0
117.0	31.061692969870876	19.548063127690103	18.68723098995696	30.703012912482063	0.0
118.0	28.360891445003595	15.168943206326386	21.71099928109274	34.75916606757728	0.0
119.0	21.606948968512487	21.751719145855954	25.950054288816503	30.69127759681506	0.0
120.0	25.217706821480405	22.387518142235123	23.00435413642961	29.390420899854863	0.0
121.0	30.760829996359668	17.728431015653438	18.238077903167092	33.2726610848198	0.0
122.0	30.56672760511883	17.586837294332724	21.096892138939673	30.74954296160878	0.0
123.0	33.27226090142909	19.567607182117992	17.698790765848297	29.46134115060462	0.0
124.0	33.652077969841855	17.763883780801766	18.793674144906216	29.790364104450166	0.0
125.0	26.46950092421442	18.706099815157117	21.848428835489834	32.975970425138634	0.0
126.0	30.989583333333332	19.49404761904762	17.633928571428573	31.882440476190478	0.0
127.0	28.560775540641316	18.680089485458613	20.917225950782996	31.841909023117076	0.0
128.0	28.791291291291294	18.093093093093092	21.433933933933936	31.681681681681685	0.0
129.0	30.316742081447963	18.891402714932127	18.58974358974359	32.20211161387632	0.0
130.0	29.6969696969697	19.43181818181818	17.765151515151516	33.10606060606061	0.0
131.0	29.391634980988595	19.277566539923953	20.11406844106464	31.216730038022817	0.0
132.0	27.071401298205423	17.907598319969452	23.482245131729666	31.538755250095456	0.0
133.0	29.616858237547895	20.57471264367816	19.923371647509576	29.88505747126437	0.0
134.0	25.974527209571598	22.423774604399846	20.571208027788497	31.03049015824006	0.0
135.0	27.91327913279133	15.6794425087108	19.357336430507164	37.04994192799071	0.0
136.0	24.436674436674437	18.68686868686869	21.950271950271947	34.92618492618493	0.0
137.0	29.832096837172976	16.946505271378367	19.484576337368214	33.736821554080436	0.0
138.0	30.603448275862068	18.808777429467085	19.670846394984327	30.91692789968652	0.0
139.0	28.503937007874015	19.055118110236222	19.64566929133858	32.795275590551185	0.0
140.0	27.32673267326733	17.66336633663366	21.623762376237625	33.38613861386139	0.0
141.0	30.04394726328406	17.618857371154615	19.65641230523372	32.680783060327606	0.0
142.0	29.8549556809025	16.76067687348912	19.419822723609993	33.964544721998394	0.0
143.0	33.3603567085529	19.456830158086742	17.916497770571542	29.266315362788813	0.0
144.0	31.278072682727643	18.70151082074316	17.435688035933033	32.58472846059616	0.0
145.0	29.983593109105826	17.432321575061525	16.776045939294505	35.80803937653815	0.0
146.0	28.824013157894733	19.736842105263158	20.353618421052634	31.085526315789476	0.0
147.0	30.718414533443433	18.001651527663086	15.854665565648224	35.42526837324525	0.0
148.0	26.473029045643155	21.410788381742737	20.37344398340249	31.742738589211616	0.0
149.0	31.359466221851545	19.891576313594662	17.472894078398664	31.27606338615513	0.0
150.0	28.756802009208876	18.124738384261196	18.794474675596483	34.32398493093344	0.0
151.0	28.10924369747899	18.949579831932773	21.34453781512605	31.596638655462183	0.0
152.0	27.450148493848115	19.55876113703861	18.582944420873993	34.40814594823929	0.0
153.0	31.75213675213675	18.41880341880342	18.504273504273506	31.324786324786324	0.0
154.0	33.59106529209622	15.721649484536082	21.176975945017183	29.510309278350515	0.0
155.0	29.93079584775086	19.80968858131488	18.728373702422147	31.53114186851211	0.0
156.0	33.086312118570184	15.998256320836965	17.916303400174368	32.999128160418486	0.0
157.0	30.16220955721175	18.45681718544498	21.306444541867602	30.07452871547567	0.0
158.0	25.83479789103691	22.407732864674866	19.112478031634446	32.64499121265378	0.0
159.0	35.288928098808995	14.644905161005733	18.30613145125717	31.7600352889281	0.0
160.0	25.099601593625497	20.36299247454626	22.31075697211155	32.226648959716684	0.0
161.0	29.32799287939475	16.822429906542055	23.14196706720071	30.707610146862486	0.0
162.0	30.497089117778774	18.316166592028658	19.435736677115987	31.751007613076577	0.0
163.0	28.623024830699773	18.55530474040632	17.33634311512415	35.48532731376975	0.0
164.0	28.746594005449595	16.212534059945504	22.025431425976386	33.015440508628515	0.0
165.0	30.063868613138684	18.293795620437955	20.529197080291972	31.113138686131386	0.0
166.0	26.825907211759304	20.808451998162607	20.0734956361966	32.29214515388149	0.0
167.0	26.700601573345672	20.31466913465988	21.24016658954188	31.744562702452566	0.0
168.0	27.972027972027973	19.90675990675991	18.08857808857809	34.032634032634036	0.0
169.0	27.562002807674308	18.296677585400094	18.905007019185774	35.23631258773982	0.0
170.0	31.6658801321378	16.139688532326566	18.357715903728174	33.836715431807455	0.0
171.0	28.987583572110793	18.76790830945559	16.09360076408787	36.150907354345755	0.0
172.0	30.484877580412867	19.44311089774364	17.42678828612578	32.645223235717715	0.0
173.0	29.499518768046194	18.527430221366696	19.87487969201155	32.09817131857555	0.0
174.0	29.714008725157537	19.77702375181774	17.69268056228793	32.81628696073679	0.0
175.0	28.25024437927664	18.71945259042033	20.821114369501466	32.209188660801566	0.0
176.0	28.698224852071007	19.57593688362919	19.32938856015779	32.39644970414201	0.0
177.0	29.08366533864542	22.161354581673308	18.326693227091635	30.428286852589643	0.0
178.0	27.77777777777778	20.02002002002002	21.77177177177177	30.430430430430434	0.0
179.0	24.25467407781708	18.847902981303687	24.96210207175341	31.93532086912582	0.0
180.0	29.812087353986794	15.337734890807516	21.838496698831893	33.011681056373796	0.0
181.0	28.177641653905056	19.652884124553342	19.346605410923942	32.82286881061766	0.0
182.0	31.581658938691398	17.877382792375066	19.577537351880476	30.963420917053064	0.0
183.0	28.786307053941908	22.40663900414938	19.813278008298756	28.99377593360996	0.0
184.0	30.287206266318538	20.939947780678853	16.553524804177545	32.21932114882507	0.0
185.0	28.789473684210527	20.263157894736842	22.842105263157894	28.10526315789474	0.0
186.0	31.678986272439282	17.106652587117214	22.06969376979937	29.14466737064414	0.0
187.0	30.855018587360593	21.402018056293148	17.896972915560276	29.84599044078598	0.0
188.0	29.23570283270978	18.17210048102619	19.989310529128808	32.60288615713522	0.0
189.0	30.71965628356606	16.970998925886143	20.622986036519872	31.68635875402793	0.0
190.0	29.83783783783784	17.83783783783784	19.513513513513516	32.81081081081081	0.0
191.0	25.653594771241828	21.187363834422655	19.226579520697168	33.932461873638346	0.0
192.0	31.57894736842105	18.146929824561404	20.888157894736842	29.385964912280706	0.0
193.0	29.385722191477587	19.867183176535693	21.140011068068624	29.607083563918096	0.0
194.0	29.27374301675978	20.837988826815643	22.3463687150838	27.541899441340785	0.0
195.0	27.796610169491526	19.37853107344633	19.491525423728813	33.33333333333333	0.0
196.0	28.963938179736694	20.377790497996564	20.2633085289067	30.394962793360047	0.0
197.0	27.209302325581397	20.0	22.267441860465116	30.523255813953487	0.0
198.0	27.75436484045756	24.202287778446717	20.108368452739313	27.934978928356415	0.0
199.0	29.92980216975112	23.73962986598596	17.80472239948947	28.52584556477345	0.0
200.0	28.57142857142857	14.955357142857142	20.3125	36.160714285714285	0.0
201.0	30.61023622047244	19.291338582677163	17.322834645669293	32.7755905511811	0.0
202.0	39.00990099009901	17.425742574257423	17.524752475247524	26.03960396039604	0.0
203.0	34.03193612774451	17.964071856287426	20.65868263473054	27.345309381237527	0.0
204.0	33.33333333333333	14.84848484848485	24.949494949494948	26.86868686868687	0.0
205.0	34.62717058222676	15.526046986721145	25.638406537282943	24.20837589376915	0.0
206.0	31.88854489164087	20.227038183694532	20.227038183694532	27.657378740970074	0.0
207.0	29.72972972972973	23.284823284823286	16.112266112266113	30.87318087318087	0.0
208.0	31.79433368310598	15.949632738719831	20.356768100734524	31.899265477439663	0.0
209.0	22.679324894514767	22.151898734177212	21.41350210970464	33.755274261603375	0.0
210.0	26.70940170940171	17.200854700854702	17.84188034188034	38.24786324786324	0.0
211.0	30.227518959913326	17.768147345612135	20.910075839653306	31.094257854821233	0.0
212.0	26.52838427947598	15.829694323144105	25.0	32.64192139737992	0.0
213.0	25.799338478500548	21.168687982359426	17.861080485115764	35.170893054024255	0.0
214.0	27.505567928730514	25.83518930957684	17.260579064587972	29.398663697104677	0.0
215.0	30.371203599550057	22.15973003374578	16.085489313835772	31.38357705286839	0.0
216.0	29.571106094808126	17.381489841986454	17.381489841986454	35.66591422121896	0.0
217.0	25.806451612903224	16.589861751152075	27.30414746543779	30.29953917050691	0.0
218.0	25.899280575539567	19.06474820143885	18.94484412470024	36.09112709832134	0.0
219.0	19.42257217847769	22.04724409448819	25.32808398950131	33.202099737532805	0.0
220.0	0.0	35.47094188376754	23.647294589178355	40.88176352705411	0.0
