# Position (bp)	A	C	G	T	N
0.0	70.97727272727272	7.1818181818181825	10.522727272727273	11.318181818181818	0.0
1.0	9.6671589230944	70.98716346699989	9.928433488583439	9.417244121322277	0.0
2.0	11.756070016939582	67.09203839638622	7.588932806324111	13.562958780350085	0.0
3.0	70.87881174749634	7.899178575447283	9.406998987284798	11.815010689771576	0.0
4.0	69.73684210526315	9.919028340080972	7.748538011695906	12.595591542959964	0.0
5.0	11.434347972593507	66.59552959676513	7.94114343479726	14.028978995844096	0.0
6.0	12.767867160327611	67.04813194210703	7.977112083473578	12.206888814091776	0.0
7.0	71.46218487394958	7.372549019607844	8.773109243697478	12.392156862745098	0.0
8.0	69.31601925444978	10.399641777678271	9.0675025187507	11.216836449121235	0.0
9.0	12.280505536293479	65.5966894083436	8.276479141035678	13.846325914327256	0.0
10.0	12.667710196779963	7.032647584973166	7.66994633273703	72.62969588550983	0.0
11.0	11.371498716661087	8.458877357437785	7.309452070081464	72.86017185581967	0.0
12.0	12.033841700990761	8.059668262273183	8.81665367917177	71.08983635756428	0.0
13.0	12.577708703374778	64.69804618117229	8.58126110124334	14.142984014209592	0.0
14.0	12.126576676255809	7.977428634653684	67.5813233016154	12.314671387475105	0.0
15.0	68.06778169014085	8.80281690140845	9.76012323943662	13.369278169014084	0.0
16.0	10.506092875178394	9.298495992973981	9.704687671533648	70.49072346031397	0.0
17.0	13.050606623674717	64.09443655044267	8.71133457208438	14.14362225379823	0.0
18.0	11.79291553133515	8.664850136239782	9.220708446866485	70.32152588555857	0.0
19.0	12.552983371372678	66.71014020215193	8.61862840995544	12.118248016519944	0.0
20.0	12.3726977248104	9.772481040086674	8.08234019501625	69.77248104008667	0.0
21.0	12.498650836481382	9.206691851052348	9.88667026443605	68.40798704803022	0.0
22.0	11.876817056099924	7.440508237320986	64.80025842575643	15.882416280822657	0.0
23.0	12.225570383125268	9.470512268618165	8.695652173913043	69.60826517434352	0.0
24.0	69.10088191008819	7.377930737793075	9.260055926005592	14.261131426113144	0.0
25.0	14.253490870032223	8.721804511278195	63.20085929108485	13.823845327604726	0.0
26.0	69.0672963400236	7.652677900611785	7.931737683803799	15.348288075560804	0.0
27.0	11.372170367986268	10.621177985194722	7.209526874798841	70.79712477202017	0.0
28.0	11.911654336871448	64.14709981773346	7.129838104428004	16.811407740967084	0.0
29.0	13.886210221793634	6.696667738133505	8.818172077574198	70.59894996249866	0.0
30.0	13.08883630888363	8.593245859324586	63.09959130995914	15.218326521832653	0.0
31.0	13.09075250296049	7.923350199160298	8.580040908601571	70.40585638927764	0.0
32.0	13.905357335345478	7.664115554597391	7.81502640939959	70.61550070065753	0.0
33.0	13.28656233135456	63.777657852131675	9.023205612520238	13.912574203993525	0.0
34.0	13.926101987899742	8.794295592048401	9.118409680207433	68.16119273984442	0.0
35.0	12.606860729358294	63.7809760848393	7.607401796342388	16.004761389460015	0.0
36.0	13.678173357861704	9.425386862893626	7.553295097933124	69.34314468131154	0.0
37.0	68.8485375665978	9.155159291073176	8.133086876155268	13.863216266173753	0.0
38.0	70.36351763169351	8.6852416195037	7.357422725293862	13.593818023508925	0.0
39.0	69.50169011012976	9.442808853996294	7.392868825646058	13.662632210227892	0.0
40.0	12.327567330851764	63.969783227501644	9.043135537552004	14.659513904094593	0.0
41.0	12.369182810064574	7.036294811845914	66.63326653306613	13.961255845023379	0.0
42.0	70.24608501118567	7.807606263982104	8.847874720357941	13.098434004474274	0.0
43.0	69.99663261870019	8.990908070490516	7.991918284880457	13.020541025928836	0.0
44.0	13.816457839485269	64.82672987921887	7.201715769274185	14.155096512021673	0.0
45.0	23.871421043386615	11.22431055682417	12.2431055682417	52.661162831547514	0.0
46.0	28.24374420759963	15.66265060240964	17.2613531047266	38.83225208526414	0.0
47.0	30.631796996374934	17.426204039357845	18.280683583635422	33.6613153806318	0.0
48.0	28.24267782426778	20.109832635983263	17.965481171548117	33.68200836820084	0.0
49.0	26.505390481199054	21.456744675256374	18.879831711806467	33.1580331317381	0.0
50.0	26.79514255543823	21.673706441393875	18.63780359028511	32.89334741288279	0.0
51.0	30.262112787926927	19.036272173682818	16.679904686258936	34.02171035213132	0.0
52.0	28.89774236387782	18.406374501992033	18.937583001328022	33.75830013280213	0.0
53.0	32.0362473347548	19.05650319829424	19.376332622601282	29.53091684434968	0.0
54.0	29.61672473867596	21.89761458054141	17.528812650763868	30.95684803001876	0.0
55.0	31.973154362416107	17.798657718120804	20.026845637583893	30.201342281879196	0.0
56.0	27.863109673942333	20.88385879816761	20.18323901913231	31.06979250875775	0.0
57.0	30.750539956803458	17.60259179265659	20.113390928725703	31.533477321814257	0.0
58.0	28.354567633505013	17.91813499593386	19.978313906207646	33.74898346435348	0.0
59.0	25.929948411620963	20.743958729296768	21.77572631007331	31.550366549008963	0.0
60.0	29.901960784313726	17.265795206971678	19.989106753812635	32.84313725490196	0.0
61.0	27.90824685963954	18.487165483342434	21.46368104860732	32.1409066084107	0.0
62.0	28.720197314332697	20.827624006577146	21.923814743765416	28.528363935324748	0.0
63.0	34.955995599559955	16.39163916391639	19.4994499449945	29.15291529152915	0.0
64.0	31.642778390297682	18.715545755237045	20.203969128996693	29.437706725468576	0.0
65.0	30.011043622308115	19.21590281612369	21.479845389287686	29.29320817228051	0.0
66.0	30.00553097345133	15.846238938053098	22.538716814159294	31.609513274336283	0.0
67.0	29.097452934662236	17.88482834994463	21.15171650055371	31.866002214839423	0.0
68.0	27.15433638126905	18.81407592130784	19.950124688279303	34.08146300914381	0.0
69.0	25.597554196775985	18.843802112284603	22.06781545302946	33.490828237909945	0.0
70.0	28.22513234884369	20.590693786570075	20.256338813039847	30.927835051546392	0.0
71.0	28.698801894678184	19.949846753970466	18.863193089997214	32.48815826135414	0.0
72.0	28.137200223089792	17.596207473508088	20.440602342442833	33.825989960959284	0.0
73.0	29.48073701842546	18.481295365717475	20.016750418760466	32.0212171970966	0.0
74.0	29.513694801565123	16.517607602012298	23.029625489100056	30.939072107322524	0.0
75.0	29.93559227107253	20.610473256790815	21.310557266872024	28.14337720526463	0.0
76.0	29.260089686098656	20.655829596412556	17.909192825112108	32.17488789237668	0.0
77.0	29.109300365271146	19.640348412475415	19.275077268895757	31.975273953357686	0.0
78.0	29.617117117117115	20.9740990990991	17.87725225225225	31.53153153153153	0.0
79.0	27.98644450720136	20.220276757977974	19.853148828014685	31.940129906805986	0.0
80.0	28.789592760180994	19.061085972850677	20.418552036199095	31.73076923076923	0.0
81.0	28.187729714447272	17.839977381962115	18.348883234379418	35.6234096692112	0.0
82.0	31.108597285067873	18.07126696832579	21.945701357466064	28.87443438914027	0.0
83.0	28.603794958935147	17.898612291135656	21.665250637213255	31.832342112715946	0.0
84.0	27.78249787595582	18.946474086661002	21.042197677711698	32.22883035967148	0.0
85.0	33.26721450835931	16.57693397563049	20.600736752621142	29.555114763389064	0.0
86.0	30.50510783200908	18.33144154370034	21.45289443813848	29.710556186152097	0.0
87.0	32.20675944333996	19.255893212155637	20.619142289122408	27.918205055381996	0.0
88.0	32.9823562891292	20.20489470688674	17.046101309049515	29.766647694934544	0.0
89.0	29.954441913439634	16.543280182232344	17.36902050113895	36.13325740318907	0.0
90.0	31.77543459675121	16.899401538899973	19.57822741521801	31.746936449130807	0.0
91.0	29.806046776953792	21.220764403879063	16.77124928693668	32.20193953223046	0.0
92.0	29.391602399314483	18.994572979148813	17.994858611825194	33.61896600971151	0.0
93.0	31.539782484258726	17.37263880938752	19.891242129364624	31.196336576989125	0.0
94.0	31.176638992270256	17.234468937875754	19.438877755511022	32.150014314342975	0.0
95.0	31.930126002290947	17.668957617411227	19.358533791523485	31.04238258877434	0.0
96.0	29.005445686443103	17.7128116938951	19.83376325594726	33.44797936371453	0.0
97.0	32.46118458884416	16.33122484186314	20.069005175388156	31.138585393904545	0.0
98.0	31.904487917146145	20.655926352128883	18.354430379746837	29.085155350978138	0.0
99.0	33.58273381294964	18.100719424460433	17.985611510791365	30.330935251798564	0.0
100.0	32.54540213317959	14.643989622369558	19.31392332084174	33.49668492360911	0.0
101.0	31.76300578034682	19.47976878612717	18.46820809248555	30.289017341040463	0.0
102.0	30.579710144927535	16.63768115942029	19.768115942028984	33.01449275362319	0.0
103.0	28.442765833817546	17.228355607205113	20.482277745496805	33.846600813480535	0.0
104.0	28.633847946402565	17.856102534226622	21.497232741042822	32.01281677832799	0.0
105.0	28.400467016929365	19.468768242848803	19.585522475189727	32.54524226503211	0.0
106.0	31.255487269534683	18.29089844893181	18.759145449224466	31.69446883230904	0.0
107.0	31.30128956623681	18.786635404454866	18.141852286049236	31.770222743259087	0.0
108.0	32.20687628563033	18.33676168086982	17.13194240376139	32.324419629738465	0.0
109.0	28.979952830188676	20.28301886792453	19.98820754716981	30.74882075471698	0.0
110.0	26.182033096926716	18.79432624113475	20.212765957446805	34.810874704491724	0.0
111.0	29.383886255924168	17.979857819905213	20.1718009478673	32.46445497630332	0.0
112.0	26.433026433026434	18.978318978318978	20.641520641520643	33.94713394713394	0.0
113.0	30.82191780821918	18.880285884455034	18.99940440738535	31.29839189994044	0.0
114.0	30.76463560334528	17.980884109916367	19.59378733572282	31.660692951015534	0.0
115.0	28.786057692307693	18.479567307692307	19.110576923076923	33.62379807692308	0.0
116.0	28.653208797830672	19.764989454655016	18.98162097017174	32.60018077734257	0.0
117.0	31.590084643288996	17.98669891172914	18.07738814993954	32.345828295042324	0.0
118.0	28.913109294580686	16.954283984256733	20.920375416288223	33.21223130487436	0.0
119.0	24.40060698027314	20.303490136570563	27.132018209408194	28.1638846737481	0.0
120.0	27.53270459385458	22.11743230909644	21.569820505019774	28.780042592029204	0.0
121.0	31.067073170731707	19.359756097560975	17.682926829268293	31.890243902439025	0.0
122.0	30.110159118727047	17.74785801713586	21.511627906976745	30.630354957160343	0.0
123.0	32.49463025467935	19.146977600490946	17.091132249156182	31.267259895673522	0.0
124.0	30.387931034482758	19.704433497536947	19.735221674876847	30.17241379310345	0.0
125.0	29.268292682926827	18.184624884223528	20.56190182154986	31.985180611299786	0.0
126.0	31.631073970906844	18.167749922624573	18.322500773754253	31.87867533271433	0.0
127.0	27.83121315544524	19.205708966801115	21.62581445857896	31.337263419174683	0.0
128.0	30.802738021157438	17.61045426260112	18.91723708774113	32.66957062850031	0.0
129.0	31.023720349563042	19.22596754057428	17.44694132334582	32.30337078651686	0.0
130.0	29.301159511125043	19.272955186461925	16.859918520839862	34.565966781573174	0.0
131.0	30.953129915067628	19.754639823843974	18.653664674425922	30.638565586662477	0.0
132.0	30.04115226337449	18.64514086736309	21.240899018676796	30.07280785058563	0.0
133.0	29.393072767715285	21.09945980298697	20.27327613600254	29.234191293295204	0.0
134.0	25.948358304112208	19.95537137392413	20.306024864520243	33.79024545744342	0.0
135.0	27.20281960909965	17.87888497276514	19.160525472604935	35.75776994553028	0.0
136.0	26.124678663239077	18.958868894601544	20.69408740359897	34.22236503856041	0.0
137.0	28.25314820794317	16.435259928963514	20.53600258314498	34.775589279948335	0.0
138.0	29.961089494163424	17.412451361867703	20.817120622568094	31.809338521400775	0.0
139.0	29.61638491547464	18.920676202860857	20.54616384915475	30.91677503250975	0.0
140.0	29.429037520391514	17.97716150081566	20.0	32.59380097879282	0.0
141.0	31.947626841243864	17.217675941080195	19.410801963993453	31.42389525368249	0.0
142.0	31.88834154351396	16.288998357963873	19.014778325123153	32.80788177339902	0.0
143.0	32.9047148038246	18.52950873722387	17.93603692713485	30.629739531816686	0.0
144.0	29.56204379562044	17.650962176509623	19.376244193762442	33.4107498341075	0.0
145.0	28.65731462925852	18.67067468269873	19.539078156312627	33.13293253173013	0.0
146.0	29.6880241529688	19.087554511908756	18.75209661187521	32.47232472324723	0.0
147.0	29.956243688993606	18.276674520363514	18.545944126556716	33.221137664086164	0.0
148.0	26.27836098882492	21.26650863528615	19.099221131053167	33.35590924483576	0.0
149.0	30.415531335149865	20.16348773841962	18.017711171662125	31.40326975476839	0.0
150.0	29.391660970608342	19.138755980861244	18.45522898154477	33.014354066985646	0.0
151.0	28.28248200205691	20.397668837847103	20.671923208776143	30.64792595131985	0.0
152.0	27.50430292598967	20.65404475043029	17.796901893287437	34.044750430292595	0.0
153.0	30.37318590186593	18.313752591568765	19.695922598479612	31.617138908085696	0.0
154.0	31.641168289290682	17.315716272600834	20.027816411682892	31.01529902642559	0.0
155.0	31.64512748864827	20.398183723367097	16.975200838281523	30.98148794970311	0.0
156.0	31.96057726152763	15.381907778951073	18.549806406195003	34.10770855332629	0.0
157.0	29.61388593694651	17.888770811193766	20.687212185618137	31.81013106624159	0.0
158.0	29.37411095305832	20.945945945945947	16.4651493598862	33.21479374110953	0.0
159.0	34.953538241601144	14.331665475339527	19.263759828448894	31.45103645461044	0.0
160.0	27.731995700465784	18.41633823002508	22.572554639914006	31.279111429595126	0.0
161.0	28.776978417266186	18.812949640287773	21.258992805755394	31.151079136690647	0.0
162.0	30.025353132922856	17.819630568634555	20.101412531691416	32.05360376675117	0.0
163.0	29.59592282489989	18.01965780851838	17.801237713869675	34.58318165271205	0.0
164.0	30.29637760702525	15.623856567874132	21.880717160629345	32.19904866447128	0.0
165.0	30.007336757153336	17.865003668378577	22.120322817314747	30.007336757153336	0.0
166.0	26.482504604051567	20.29465930018416	21.178637200736645	32.04419889502763	0.0
167.0	28.025241276911654	19.41351150705271	22.754268745360058	29.806978470675578	0.0
168.0	28.57142857142857	17.75456919060052	19.843342036553523	33.83066020141739	0.0
169.0	27.293148633470608	17.746162485960316	19.318607263197304	35.64208161737177	0.0
170.0	29.537767756482523	17.36189402480271	18.97782788425404	34.122510334460735	0.0
171.0	29.988640666414234	18.515713744793636	16.281711472926922	35.2139341158652	0.0
172.0	30.038022813688215	20.038022813688215	16.61596958174905	33.30798479087452	0.0
173.0	29.521988527724663	17.246653919694072	20.61185468451243	32.619502868068835	0.0
174.0	29.033500192529843	20.21563342318059	18.598382749326145	32.15248363496342	0.0
175.0	27.751937984496124	18.6046511627907	20.62015503875969	33.02325581395349	0.0
176.0	29.82456140350877	19.298245614035086	18.75243664717349	32.12475633528265	0.0
177.0	29.063846455150806	23.031727379553466	18.057187622405014	29.847238542890718	0.0
178.0	28.3175355450237	21.011058451816748	19.391785150078988	31.27962085308057	0.0
179.0	25.455987311657413	17.208564631245043	25.65424266455194	31.681205392545596	0.0
180.0	29.58083832335329	16.2874251497006	21.87624750499002	32.25548902195609	0.0
181.0	27.900441589723002	19.148936170212767	21.27659574468085	31.67402649538338	0.0
182.0	32.549655451965954	17.267936765301986	19.618970409404135	30.56343737332793	0.0
183.0	27.95436022819886	22.249388753056234	20.537897310513447	29.25835370823146	0.0
184.0	28.36004932182491	20.098643649815042	20.22194821208385	31.319358816276203	0.0
185.0	28.16377171215881	19.644334160463192	22.70471464019851	29.48717948717949	0.0
186.0	29.064449064449065	17.796257796257798	22.82744282744283	30.311850311850314	0.0
187.0	30.423835501468737	21.40159462861939	17.62484263533361	30.54972723457826	0.0
188.0	30.616554054054053	18.96114864864865	20.22804054054054	30.194256756756754	0.0
189.0	29.471890971039183	19.207836456558773	20.357751277683136	30.962521294718908	0.0
190.0	30.124090714591357	17.928968763371845	19.341035515618312	32.60590500641848	0.0
191.0	27.88793103448276	20.04310344827586	20.862068965517242	31.20689655172414	0.0
192.0	32.20486111111111	19.227430555555554	20.616319444444446	27.95138888888889	0.0
193.0	30.9010989010989	18.285714285714285	21.01098901098901	29.8021978021978	0.0
194.0	26.31812140008861	22.374833850243686	23.393885688967657	27.913159060700043	0.0
195.0	28.7567084078712	18.962432915921287	19.67799642218247	32.60286225402504	0.0
196.0	28.648892905558064	19.20469950293719	20.967013104383188	31.179394487121552	0.0
197.0	30.087276067983463	18.74138723013321	21.359669269637116	29.811667432246207	0.0
198.0	27.683615819209038	23.49340866290019	20.998116760828626	27.82485875706215	0.0
199.0	28.95	23.35	18.25	29.45	0.0
200.0	28.079392877991825	15.82019848219498	20.723876240513718	35.37653239929948	0.0
201.0	30.36734693877551	17.959183673469386	18.448979591836732	33.224489795918366	0.0
202.0	36.73805601317957	17.462932454695224	19.110378912685338	26.68863261943987	0.0
203.0	33.745874587458744	17.904290429042906	19.636963696369637	28.71287128712871	0.0
204.0	31.64451827242525	16.611295681063122	23.67109634551495	28.07308970099668	0.0
205.0	35.86497890295359	15.69620253164557	24.050632911392405	24.38818565400844	0.0
206.0	30.21276595744681	19.23404255319149	21.4468085106383	29.106382978723406	0.0
207.0	29.4067067927773	22.26999140154772	16.251074806534824	32.07222699914015	0.0
208.0	30.0	17.043478260869566	20.347826086956523	32.608695652173914	0.0
209.0	24.759405074365702	21.872265966754156	20.909886264216972	32.45844269466316	0.0
210.0	26.790450928381965	18.47922192749779	17.86030061892131	36.87002652519894	0.0
211.0	29.25958965209634	19.982158786797502	19.179304192685105	31.57894736842105	0.0
212.0	28.158844765342963	18.231046931407942	23.014440433212997	30.595667870036102	0.0
213.0	26.48401826484018	22.19178082191781	17.62557077625571	33.6986301369863	0.0
214.0	28.544949026876736	23.911028730305837	19.74050046339203	27.803521779425395	0.0
215.0	28.478057889822594	22.969187675070028	18.11391223155929	30.438842203548084	0.0
216.0	30.29439696106363	16.714150047483383	17.37891737891738	35.61253561253561	0.0
217.0	25.386100386100384	16.988416988416986	27.027027027027028	30.598455598455597	0.0
218.0	26.294820717131472	19.9203187250996	19.721115537848604	34.06374501992032	0.0
219.0	19.135135135135133	22.162162162162165	23.89189189189189	34.81081081081081	0.0
220.0	0.0	28.459119496855344	26.729559748427672	44.81132075471698	0.0
