# Position (bp)	A	C	G	T	N
0.0	35.97154216958931	11.642421999544524	26.389679647764368	25.975717376451833	0.02063880664996584
1.0	30.062318967787238	15.876510232693855	22.250741920714713	31.8054471569788	0.004981721825397767
2.0	32.289684230459684	17.883586611750225	20.980921270652843	28.839890167116412	0.005917720020830374
3.0	33.457994643889435	17.81673607588217	22.514068638438943	26.20671755364959	0.00448308813987235
4.0	33.71826435378853	17.225251663057204	21.07714845357431	27.978865241222657	4.7028835730628235E-4
5.0	32.67338801362397	17.89142547720235	20.6361447816578	28.79622879458792	0.0028129329279584434
6.0	27.097698262306036	17.65405473607473	19.147111670845202	36.10090167554167	2.336552323584458E-4
7.0	27.77312078833517	20.530337957723848	19.448752159678854	32.24755624478999	2.3284947213024666E-4
8.0	27.632738233248322	19.510317644331092	20.123579874797127	32.732900533271504	4.637143519591931E-4
9.0	32.08187658471927	17.42025022976986	20.549969748892714	29.94767251213508	2.3092448307554463E-4
10.0	29.33676929336769	21.846085235410005	21.374138806961724	27.443006664260576	0.0
11.0	27.530101473863276	20.519076080246208	19.76499586147606	32.18582658441446	0.0
12.0	29.22670820892293	18.988045213644263	20.043683140084408	31.741563437348404	0.0
13.0	30.5463653229121	18.826566874743122	19.738500350830982	30.888567451513797	0.0
14.0	29.78238740470966	19.241749044269007	18.784355418825072	32.191281923677245	2.26208519012826E-4
15.0	29.142495113081164	18.718871961599078	20.33905183628653	31.799581089033236	0.0
16.0	29.34322938435058	19.472570141969232	19.712556120316567	31.471644353363626	0.0
17.0	29.735294447120502	18.70414141527294	19.04602941670681	32.51408663701845	4.4808388130257985E-4
18.0	29.2198486573361	18.960691086854617	19.752226612201166	32.06723364360812	0.0
19.0	29.217503206041606	18.739535836420632	19.63166144200627	32.41129951553149	0.0
20.0	29.566265113807887	18.073213186109633	19.244970956146336	33.11555074393614	0.0
21.0	29.572432049496882	18.169361590615846	20.098558487733488	32.15787124326269	0.00177662889109487
22.0	29.453654291828347	19.021985242539134	20.082400262828422	31.441738219337424	2.219834666714023E-4
23.0	29.77303278070335	18.475690639598593	18.748752257028396	33.00141521780601	0.0011091048636466482
24.0	29.651790245340177	18.165499910249505	19.98577288471383	32.19693695969649	0.0
25.0	30.342689895223344	18.019856383532627	20.14818064390339	31.489051515373077	2.215619675588967E-4
26.0	29.200452197814375	18.226231906545785	18.839580608693723	33.73351362135083	2.2166559528295613E-4
27.0	29.626565954719542	18.081357571026537	19.282893088176916	33.00873985137152	4.435347054818672E-4
28.0	30.308020061248946	18.04735697483467	19.555723225777818	32.08867782166793	2.2191647064045094E-4
29.0	29.0952238375639	18.81632788848598	19.312906838772637	32.77554143517749	0.0
30.0	30.03820174338462	18.011866735626622	19.862242870746698	32.087688650242065	0.0
31.0	29.905875451624514	18.210078170481868	19.676830162518165	32.20721621537545	0.0
32.0	29.080242055605204	18.41361095919647	19.411356694100228	33.0947902910981	0.0
33.0	29.91742970170951	17.88807928885802	20.207127003314834	31.987364006117637	0.0
34.0	29.721353946036572	18.502160409875902	19.463308704512112	32.312953987059835	2.2295251557323322E-4
35.0	29.36382913591502	18.478025280591325	18.879556327186357	33.2785892563073	0.0
36.0	29.331140350877195	17.873030791263876	20.15686537773004	32.638739706408884	2.2377372001432152E-4
37.0	29.40890691884728	18.077346730428243	20.209374384324683	32.30414808446618	2.2388193362348432E-4
38.0	29.559384654013606	18.34514794040237	19.138766707468534	32.95580395374593	8.967443695662896E-4
39.0	29.312223517808317	18.432221001525498	19.463222953891364	32.791883190556746	4.493362180718533E-4
40.0	30.06420628830041	18.55320930169754	19.485134432619404	31.896999880724387	4.500966582573608E-4
41.0	30.071915556636313	18.409391802437113	19.0481658606	32.47007646375402	4.50316572550503E-4
42.0	30.03747698534499	17.830075787794176	19.965565343591614	32.1664311678712	4.5071539801550014E-4
43.0	29.998398509486012	18.891272327822854	19.67216812492528	31.437709913677402	4.5112408844738875E-4
44.0	30.319114126007317	18.335127377108	19.127440294448846	32.21786687066863	4.5133176721210105E-4
45.0	30.446781649950655	18.194896440516814	19.070482780737553	32.287387446390944	4.516824040344272E-4
46.0	28.935857586888954	18.499463125176604	20.472675897146086	32.09155128567392	4.521051144391071E-4
47.0	28.857191335331713	18.996889316215146	19.233753746960012	32.91193936994514	2.2623154798936712E-4
48.0	29.972344719336274	18.068796191226866	20.236825237198957	31.721807355262772	2.264969751328971E-4
49.0	29.661646640932236	18.67059932220591	20.54608637343917	31.121441127965348	2.265354573297813E-4
50.0	29.00297659560952	18.929514578965996	19.171816721570337	32.89546522918879	2.268746653598686E-4
51.0	29.379382108501346	18.704190920203025	20.21279496162602	31.703404810265777	2.2719940382876438E-4
52.0	29.200086514052842	18.817261830227554	19.55946133618678	32.422962650972714	2.276685601101916E-4
53.0	29.224849670163344	18.328614868407257	19.486804254368568	32.95927531672981	4.558903310219693E-4
54.0	28.897163063900123	18.14205454715633	20.46420100309787	32.496124809664806	4.565761808772198E-4
55.0	29.518971599183384	19.266969505071817	20.013396827283806	31.200204838860856	4.572296001298532E-4
56.0	29.332441514473352	17.895093698246065	19.231447609841464	33.54078811437577	2.2906306335197143E-4
57.0	28.30635709551125	18.453627399937155	21.00224540769402	32.237770096857574	0.0
58.0	29.42075623491553	18.236524537409494	19.9675899321917	32.37466957820941	4.597172738765659E-4
59.0	27.447407462012663	18.72759691493969	19.603908848815458	34.220626042405755	4.607318264331064E-4
60.0	28.41364002390396	17.8938211956133	20.94088384659934	32.75119346748161	4.61466401784952E-4
61.0	28.972314834938707	18.26171197625004	20.82190767295714	31.94383430518883	2.312106652855683E-4
62.0	29.251815649895008	18.25466095907061	19.753020681160997	32.740039681529105	4.6302834428009514E-4
63.0	28.818824926972663	17.546049563460116	20.913543525219083	32.7211179504551	4.6403389303554735E-4
64.0	29.03080268375214	18.432539913254807	20.493494110396632	32.0429307317527	2.3256084373074104E-4
65.0	30.0055027303802	18.06364513917711	19.17934704041709	32.751038756942535	4.6633308306791207E-4
66.0	29.43497921496429	17.86811269068545	20.19528810141507	32.50138605893733	2.3393399786184326E-4
67.0	29.496509170901707	17.79490294392863	20.171527873865802	32.536590971451886	4.6903985197102274E-4
68.0	29.671790239335298	17.82029386441587	19.41946957614081	33.08797583593276	4.70484175264765E-4
69.0	29.693790094278366	18.068013590440415	20.254856174135192	31.98286792292454	4.722182214845124E-4
70.0	30.274414296172225	18.12821162807777	19.946268529420824	31.650157901345423	9.476449837597341E-4
71.0	29.785286720202354	18.326463078919968	19.03512150128134	32.851940074265315	0.0011886253310321546
72.0	29.5975557359049	17.458108559698285	19.97660762877739	32.967011982622815	7.160929966104931E-4
73.0	30.21690710180752	18.24613813292543	19.711525782143465	31.824949471458268	4.795116653200381E-4
74.0	29.459993255937185	19.096295582638856	19.419288019654125	32.023941422997254	4.8171877258056746E-4
75.0	30.03110965852005	17.71337957414872	20.176247715195313	32.07853675660626	7.262955296510151E-4
76.0	30.12086908891729	18.333637636175524	19.989531982228716	31.555474408130973	4.8688454750167365E-4
77.0	29.897396968435487	17.97218208977153	19.294512329505107	32.83492910840659	9.795038812841295E-4
78.0	29.796703364442195	17.668684427896885	20.493385770468358	32.04097986759212	2.465696004339625E-4
79.0	29.64871566790735	18.207749226021576	20.429551813072408	31.713237888417904	7.45404580759617E-4
80.0	29.573320255026974	17.76581157229935	19.3307043268509	33.32916295502998	0.001000890792805597
81.0	29.39223981260854	17.728231896934695	21.121420782682442	31.757350268567507	7.572392068171722E-4
82.0	30.004686680149362	18.603063662436767	19.443609558789817	31.948130676868686	5.094217553654846E-4
83.0	30.008878137907075	18.177537024408448	19.751669475932527	32.06037133776811	0.0015440239838392157
84.0	29.03980594148053	18.221876350159025	20.70356624172987	32.033450108533266	0.001301358097310353
85.0	28.888654798272412	18.51021805540925	20.3589486990414	32.241651743389866	5.267038870746866E-4
86.0	29.03902710860239	18.342767706447457	19.68073334808704	32.93747183686311	0.0
87.0	28.455970201700755	17.96466587737935	20.45713791444342	33.121955702600864	2.703038756169686E-4
88.0	28.70855675138716	19.10052851976049	20.362829089991056	31.82726239935897	8.232395023242795E-4
89.0	29.219212357966416	18.653697191928536	18.615524360953373	33.5110088215462	5.572676054768261E-4
90.0	28.776348594741613	18.183080235720762	20.97603127833182	32.06340661831369	0.0011332728921124207
91.0	29.313223171473634	18.34711077408361	19.64892755094097	32.68958517745363	0.0011533260481571292
92.0	29.391389093556352	18.563322481880814	19.52762423641098	32.51707709423738	5.870939144780294E-4
93.0	29.722037019873294	17.853373556293707	20.277514508071	32.14677593439153	2.9898137047080597E-4
94.0	29.648015954089303	18.611274589026685	19.981338106549654	31.75845655163581	9.147986985463848E-4
95.0	29.634489513533683	18.44467592232708	19.325881127470034	32.59402061535113	9.328213180765224E-4
96.0	29.370178724484937	18.339735246500112	20.75045236659154	31.53804641122504	0.0015872511983746546
97.0	28.30499017018874	19.273567215795175	20.879427470267252	31.540068646470676	0.0019464972781479727
98.0	29.816777122528016	18.602050264330778	19.245869105655984	32.333312315192465	0.0019911922927583654
99.0	28.30471898486004	18.945035943796974	20.527447990414988	32.22177595033221	0.001021130595795665
100.0	29.426589732580748	19.181161620921603	20.439543561657224	30.95235601911484	3.4906572558547047E-4
101.0	28.937714516815973	18.54677942929132	20.310872669618156	32.20463338427455	0.0
102.0	29.825303731612372	18.98515744004474	19.95614196463394	31.23266099063234	7.35873076611746E-4
103.0	29.98983113637996	19.417615193567535	19.570715184872963	31.020704411169874	0.001134074009669871
104.0	27.480402787331865	19.156882634362844	19.514432176349654	33.847505120342625	7.772816130148033E-4
105.0	28.029108890293568	19.029596972291348	20.65587018619128	32.28462381680122	8.001344225829939E-4
106.0	28.58852757052015	18.56598744663173	19.831195860514477	33.013055173945595	0.001233948388052089
107.0	28.120908039206544	18.73625418995597	19.341387654090795	33.799755065026424	0.0016950517202656147
108.0	27.717604754881	19.0635991516622	20.63241313701703	32.58638295643978	0.0
109.0	29.083953680727877	18.748426655158774	20.008451109432876	32.15826950048549	8.990541949868737E-4
110.0	28.21353735423499	19.227335593722103	19.324936282015106	33.23326564502028	9.251250075166407E-4
111.0	27.930988542499335	18.33771078375395	20.91897910243234	32.81184576148605	4.7580982832781394E-4
112.0	28.54264278657576	19.217865072921658	20.079132960981287	32.159870100652434	4.890788688583921E-4
113.0	27.049682577949213	18.82985776277724	19.864995178399226	34.2544599807136	0.0010045001607200256
114.0	27.06670113753878	18.604446742502585	21.59979317476732	32.72854188210962	5.17063081695967E-4
115.0	27.92349465704776	20.132286507519414	20.615355214753237	31.328863620679588	0.0
116.0	27.545723969675635	18.968010959562054	20.091256911128212	33.39446236471109	5.457949230156261E-4
117.0	27.337927471033908	18.32712731602388	21.302645841406772	33.031176110483955	0.0011232610514846702
118.0	28.56351518998298	18.9152072934999	20.713770520181182	31.80635296154179	0.0011540347941490436
119.0	27.32996585088219	18.95987478656801	19.89363972680706	33.81592676911402	5.928666287232025E-4
120.0	28.547618902791378	17.972128784238347	21.723976423214253	31.755059337343898	0.0012165524121192952
121.0	28.58863393843331	18.773284076655706	20.802001884567144	31.834208013778557	0.0018720865652827787
122.0	27.91780927240575	19.36428406673672	19.338014813296088	33.37861042056434	0.0012814269971039751
123.0	27.336616023824707	18.46151823339535	20.713163413559833	33.48738749991782	0.0013148293022858307
124.0	27.532649946652622	18.84310468241427	20.288886187755764	33.33468389989601	6.752832813365207E-4
125.0	27.591159837629668	18.380460049266212	19.22214897824654	34.80484335426569	0.0013877805918884225
126.0	27.520602879060924	17.72951642888178	21.019566502603407	33.7281773307786	0.0021368586752900784
127.0	26.802370560672635	18.998788444976427	21.044564788999665	33.1528165005036	0.001459704847679799
128.0	27.884212103055724	19.99700419412822	18.571000599161174	33.5447872977831	0.0029958058717795086
129.0	27.270350290306457	19.410927827123466	20.302995347406465	33.01418848771485	0.0015380474487637944
130.0	27.69468513714885	19.24893363714491	20.989017053921298	32.065787295104585	0.0015768766803592124
131.0	28.118432539041027	18.88033884057034	19.143845581816418	33.85657473568496	8.083028872579133E-4
132.0	27.420316745079848	19.055231594990392	21.197236763633953	32.324729971506194	0.002484924789609701
133.0	28.587318299144137	19.046325227550604	20.831918217633476	31.53358918625187	8.490694199157722E-4
134.0	28.468435562280952	18.667327610947325	19.367406750328296	33.49683007644342	0.0
135.0	28.01854410912495	18.179467748406367	20.297775598448712	33.50332100031204	8.915437079302813E-4
136.0	27.268989336915105	18.86461445684055	21.35175388101569	32.51464232522866	0.0
137.0	28.53561104302514	18.301821481696308	19.48527004144409	33.67729743383447	0.0
138.0	27.724800857843135	18.372778799019606	21.045879289215684	32.85654105392157	0.0
139.0	26.82666509997454	19.914615279164956	21.985586432446194	31.27215400583593	9.791825783835655E-4
140.0	26.24729502284203	18.91279955117416	20.763204295904465	34.0756992866875	0.0010018433918409873
141.0	27.081196405858943	17.967628113075946	20.9422311574283	34.00894432363681	0.0
142.0	28.64193382406989	18.24405918240909	22.490575547878315	30.622381367411872	0.0010500782308281967
143.0	29.583763329893358	18.08565531475748	20.530185758513934	31.799320605435156	0.0010749914000687995
144.0	26.44508829718088	18.511010983442215	19.864937811904422	35.177861258303686	0.0011016491688057022
145.0	25.30623765170759	19.629692351114876	19.148744002257974	35.91306802145075	0.0022579734688117415
146.0	24.107527131873116	20.750503088322535	18.308925310286266	36.83071804952948	0.0023264199886005423
147.0	25.948309272357328	19.558424571262474	17.9815424861932	36.50324580951458	0.008477860672415464
148.0	26.447871494187986	21.16573862615791	17.90305611865233	34.476918734443565	0.006415026558209951
149.0	25.82044593055936	25.246818384906966	13.804534251906087	35.11522995546459	0.012971477162993818
150.0	31.303219528018815	23.33144108344822	11.810342497229206	33.51174546535831	0.04325142594544914
