# Position (bp)	A	C	G	T	N
0.0	54.933037864919555	16.422584063975336	13.705559302437614	14.938818768667502	0.0
1.0	19.438288852490608	54.48020040466326	13.994604489835243	12.086906253010888	0.0
2.0	20.944222532364407	49.131334520429284	9.370037056643726	20.554405890562588	0.0
3.0	62.48316336347893	12.622666923224937	11.362324417933422	13.53184529536271	0.0
4.0	57.51935747607367	13.158274419275717	9.78694753041889	19.53542057423171	0.0
5.0	19.384615384615383	51.38942307692308	9.514423076923077	19.71153846153846	0.0
6.0	15.960207612456747	49.37043444828912	16.089965397923876	18.579392541330257	0.0
7.0	58.4858529086804	12.288033818513714	10.83729644040928	18.3888168323966	0.0
8.0	54.102847265568734	15.105392039179911	10.030249195755509	20.761511499495846	0.0
9.0	15.235443767100273	48.490375846013535	13.449815197043153	22.82436518984304	0.0
10.0	14.895863326614839	13.480180439581535	10.12573183606872	61.4982243977349	0.0
11.0	15.362847138951508	15.525924504772412	10.297856012278766	58.813372343997315	0.0
12.0	16.96004604537388	11.237949062305146	9.89016259772651	61.911842294594464	0.0
13.0	18.636102052560904	50.40763475925571	12.281795511221945	18.67446767696144	0.0
14.0	17.75593382881803	14.720690481898826	48.885159434188445	18.638216255094704	0.0
15.0	58.057405721404955	12.405960994776942	10.125065887201112	19.41156739661699	0.0
16.0	17.088243748203507	13.777905528408546	11.392162498802339	57.74168822458561	0.0
17.0	19.48288245152023	50.787646636341876	9.820445295666747	19.90902561647115	0.0
18.0	16.493562437179918	11.82214138706744	12.21461733594984	59.46967883980281	0.0
19.0	16.84688995215311	53.92344497607655	10.186602870813397	19.043062200956935	0.0
20.0	17.3659283356456	13.653542553700426	9.902884753384681	59.077644357269286	0.0
21.0	15.429855599120208	11.881992923400594	13.005642153581334	59.68250932389787	0.0
22.0	18.24091778202677	8.996175908221797	50.2151051625239	22.547801147227535	0.0
23.0	15.952415078113802	12.068224165113946	13.229181596674788	58.75017916009746	0.0
24.0	53.81236571974218	13.697779899737409	11.73072332298878	20.75913105753163	0.0
25.0	14.57955521618784	13.20988832681111	52.157106041805854	20.05345041519519	0.0
26.0	56.32331902718168	11.087267525035765	11.22556032427277	21.363853123509777	0.0
27.0	15.285258090653448	14.851532338782707	11.658166912921214	58.20504265764262	0.0
28.0	16.542069425265463	50.659492405123565	11.337555354506929	21.460882815104043	0.0
29.0	19.106310078994955	10.55962691538974	10.854668316360522	59.47939468925478	0.0
30.0	21.50307186740963	10.14430632947564	46.835262180311474	21.51735962280326	0.0
31.0	16.26851409460105	15.50406115623507	9.010989010989011	59.216435738174866	0.0
32.0	19.290390910841516	10.446755247448488	9.753514346235317	60.50933949547468	0.0
33.0	15.915119363395224	52.83819628647215	13.561610802990112	17.685073547142512	0.0
34.0	21.661678092111618	9.037366032634933	10.456695954426957	58.84425992082649	0.0
35.0	18.12376022062025	49.629880497363196	12.884029222507138	19.36233005950941	0.0
36.0	17.885861884107413	14.708319118865443	10.960573127345388	56.445245869681756	0.0
37.0	58.97965202005309	14.184606310822767	10.857170942691438	15.978570726432714	0.0
38.0	59.0097927126311	11.363523388179152	8.66928468459512	20.95739921459462	0.0
39.0	59.86431885070085	11.41317902928119	10.595101511448098	18.12740060856986	0.0
40.0	17.96793125131	51.47243764409977	14.006497589603855	16.553133514986378	0.0
41.0	19.465790449944354	10.938576501139435	53.155970109703745	16.439662939212464	0.0
42.0	58.28837010524066	11.245258827928842	9.332763502323841	21.13360756450665	0.0
43.0	59.458725069289706	12.809086462692246	8.570186402912885	19.162002065105156	0.0
44.0	19.09508777759318	52.68316996178767	11.114803123442432	17.10693913717672	0.0
45.0	24.179055709851333	13.976474432282307	15.365136415618363	46.479333442248	0.0
46.0	30.74208410940104	16.292520341143025	19.674541711596902	33.29085383785903	0.0
47.0	30.932832129785336	18.35987733702641	17.944405974873874	32.762884558314376	0.0
48.0	25.823846614739367	18.703814659476734	20.60115837827042	34.87118034751348	0.0
49.0	28.124375124975003	17.21655668866227	20.535892821435713	34.123175364927015	0.0
50.0	29.265105056801044	21.00130692671157	17.100633356790993	32.63295465969639	0.0
51.0	32.98270456154546	17.538181450389402	20.50166885809649	28.977445129968643	0.0
52.0	25.621007806955287	19.29433235323938	23.583088309844875	31.501571529960458	0.0
53.0	27.496954933008528	23.071457572066585	19.386926512383273	30.044660982541615	0.0
54.0	27.69575399653803	21.016189797372974	21.647490072294065	29.640566133794927	0.0
55.0	32.01471941122355	20.188081365634265	17.571297148114077	30.22590207502811	0.0
56.0	27.79612051176228	19.58316137020223	22.41023524556335	30.210482872472145	0.0
57.0	30.117866004962778	19.602977667493796	20.574855252274606	29.70430107526882	0.0
58.0	28.813734615782398	22.94963284724377	18.626538421760262	29.61009411521357	0.0
59.0	23.62033195020747	20.653526970954356	22.894190871369293	32.83195020746888	0.0
60.0	31.291028446389497	15.629884338855893	21.788058768365115	31.291028446389497	0.0
61.0	31.146170724062273	14.86782990283147	20.029255041270506	33.95674433183575	0.0
62.0	29.365915314935748	17.26353486412471	21.03433747630082	32.33621234463872	0.0
63.0	31.91399216184726	16.195318292553754	20.686367969494757	31.204321576104228	0.0
64.0	28.76507631550859	18.102252108015797	21.048137474650446	32.08453410182517	0.0
65.0	27.017468652877508	21.423212946093667	19.322687814810845	32.236630586217984	0.0
66.0	28.0151024811219	16.27831715210356	21.121898597626753	34.58468176914779	0.0
67.0	32.89630512514899	16.274786000650124	19.547079856972584	31.2818290172283	0.0
68.0	26.411399978244315	18.470575437833133	19.558359621451103	35.559664962471444	0.0
69.0	28.510498687664043	19.630358705161854	19.674103237095363	32.18503937007874	0.0
70.0	29.920739762219284	20.37648612945839	19.4627917217085	30.23998238661383	0.0
71.0	29.725256537570345	20.191989407480968	21.40571554672846	28.67703850822024	0.0
72.0	32.598093549102195	17.180226113943693	19.5632897362004	30.658390600753716	0.0
73.0	33.32219623566099	17.6188885176523	17.496380443256488	31.562534803430225	0.0
74.0	32.07137138282054	17.991536086011667	17.465400892142284	32.47169163902551	0.0
75.0	30.898038765913522	20.013763046220898	18.924188553733227	30.164009634132356	0.0
76.0	30.818841414257747	20.050673730277556	17.71277208338132	31.417712772083384	0.0
77.0	30.402245088868103	17.364359214218897	18.21796071094481	34.0154349859682	0.0
78.0	28.93652102225886	15.369214462371925	19.479448828171005	36.21481568719821	0.0
79.0	28.44529292447202	18.697052857654217	19.46068488247226	33.39696933540151	0.0
80.0	29.727468324169255	17.66674635429118	19.316280181687784	33.289505139851784	0.0
81.0	26.589249371483298	20.304082365617145	21.896324673769904	31.210343589129653	0.0
82.0	33.672857998801675	18.11863391252247	18.933493109646495	29.275014979029358	0.0
83.0	31.07751379889609	18.214542836573074	19.11447084233261	31.593472522198223	0.0
84.0	26.195051645447993	19.19288974297382	23.000240211386018	31.61181840019217	0.0
85.0	32.31083844580777	18.224467701190903	22.482858173944425	26.9818356790569	0.0
86.0	28.96801448400724	23.621001810500903	18.72057936028968	28.690404345202175	0.0
87.0	32.93080545827799	18.367346938775512	21.49498852795556	27.20685907499094	0.0
88.0	29.11143838978891	22.471772214040257	17.58713794796269	30.82965144820815	0.0
89.0	30.686009343496433	18.305876567494465	15.871649864765184	35.136464224243916	0.0
90.0	29.653545262635046	14.950949956537936	22.05389295914566	33.34161182168136	0.0
91.0	29.125	20.674999999999997	20.474999999999998	29.725	0.0
92.0	32.43277048155097	20.8130081300813	16.522826766729207	30.231394621638525	0.0
93.0	31.643973777105394	17.39788199697428	19.89409984871407	31.06404437720625	0.0
94.0	28.46299810246679	19.152435167615433	19.45604048070841	32.92852624920936	0.0
95.0	31.70824363682411	17.171077624414334	19.209826516398632	31.910852222362923	0.0
96.0	29.937919675661977	16.229570505511212	21.221335360445963	32.611174458380844	0.0
97.0	32.246192893401016	16.065989847715738	20.063451776649746	31.6243654822335	0.0
98.0	30.93424727088093	19.014978420919014	18.81188118811881	31.23889312008124	0.0
99.0	28.843938036102934	19.85661246959416	19.587760850083217	31.711688644219688	0.0
100.0	32.6848750322082	18.590569440865757	18.204071115691832	30.520484411234218	0.0
101.0	28.673047077082252	18.585100879461976	20.33109156751164	32.41076047594413	0.0
102.0	28.81091617933723	17.946718648473034	20.714749837556855	32.527615334632884	0.0
103.0	30.456852791878177	20.721072497722243	18.30014317323962	30.521931537159965	0.0
104.0	29.232373256874755	16.890394891176854	17.450801511794605	36.426430340153786	0.0
105.0	29.70116142502936	16.051154900169646	19.692026621427637	34.55565705337335	0.0
106.0	29.955543933054397	18.0831589958159	20.17520920502092	31.786087866108787	0.0
107.0	31.584456365301584	20.960355881198485	16.53800863535261	30.917179118147324	0.0
108.0	30.39305902458262	19.179702905218875	19.3243065597476	31.102931510450897	0.0
109.0	29.291463253727407	18.64362053041298	20.728328275498086	31.336587940361525	0.0
110.0	27.614508869473127	18.20227693936987	19.671697114111726	34.51151707704527	0.0
111.0	27.28249194414608	18.55531686358754	24.342105263157894	29.820085929108487	0.0
112.0	25.520763338260988	21.314339470501274	18.626528692380056	34.53836849885768	0.0
113.0	26.839768599488767	18.323691645365265	22.575003363379523	32.26153639176645	0.0
114.0	30.482219827586203	15.49030172413793	22.036637931034484	31.99084051724138	0.0
115.0	28.90931206919854	18.38086227868631	18.13758616029193	34.57223949182322	0.0
116.0	27.464788732394368	21.85807150595883	19.217226435536293	31.45991332611051	0.0
117.0	26.55719907721536	18.699959288913014	19.758447550549597	34.98439408332202	0.0
118.0	27.604667124227866	18.668496911461908	21.400137268359643	32.32669869595058	0.0
119.0	24.254910039829696	20.244471913198737	21.72778464496635	33.77283340200522	0.0
120.0	27.21518987341772	19.400110071546507	23.293891029168957	30.090809025866815	0.0
121.0	25.73239436619718	18.661971830985916	22.577464788732392	33.028169014084504	0.0
122.0	26.589268016423617	17.966869602152062	19.057057907404786	36.38680447401954	0.0
123.0	28.984263233190273	18.841201716738198	19.69957081545064	32.474964234620884	0.0
124.0	30.741173037642255	17.799824919754887	18.850306390428948	32.608695652173914	0.0
125.0	28.035062089116142	18.495252008765522	20.306793279766254	33.16289262235208	0.0
126.0	30.602374322145682	18.730763593727097	18.730763593727097	31.936098490400116	0.0
127.0	29.98085701663967	18.08275658960389	23.104108378736562	28.83227801501988	0.0
128.0	32.57598111537327	19.946886987311892	17.70433756270286	29.77279433461198	0.0
129.0	30.99008435696315	19.564895663756104	20.20127275418085	29.2437472250999	0.0
130.0	31.368483412322274	19.56457345971564	19.031398104265403	30.03554502369668	0.0
131.0	29.977761304670125	19.851742031134172	19.184581171237955	30.985915492957744	0.0
132.0	30.170749814402377	18.78247958426132	19.643652561247215	31.403118040089083	0.0
133.0	29.164187983343247	20.73170731707317	19.571683521713265	30.53242117787032	0.0
134.0	27.93021175067104	21.50313152400835	18.073367133909933	32.49328959141068	0.0
135.0	31.582089552238806	16.19402985074627	19.62686567164179	32.59701492537314	0.0
136.0	29.42933970720048	18.50911263818345	19.24111144308336	32.820436211532716	0.0
137.0	31.678133413102007	17.005683517798385	18.486389470535446	32.829793598564166	0.0
138.0	33.22348711803475	17.225883762732174	19.203115638106652	30.347513481126427	0.0
139.0	31.447012909036324	20.039027319123388	20.459321525067548	28.05463824677274	0.0
140.0	32.56198347107438	17.475582268970697	17.77610818933133	32.186326070623586	0.0
141.0	32.695783132530124	18.268072289156624	20.481927710843372	28.55421686746988	0.0
142.0	33.58467802744684	18.775448650278992	17.61423616347459	30.02563715879958	0.0
143.0	34.67815049864007	18.495013599274706	17.42218192807495	29.404653974010277	0.0
144.0	30.664446798849703	17.78416830634176	18.67716058725594	32.874224307552595	0.0
145.0	30.714394054300016	20.79478234491127	18.929167298650086	29.561656302138633	0.0
146.0	30.387243735763096	18.861047835990888	17.76765375854214	32.98405466970387	0.0
147.0	29.68203255743192	19.473604138140878	19.397535371976264	31.446827932450937	0.0
148.0	28.31453825053337	19.521487351417253	20.344407192928983	31.819567205120393	0.0
149.0	31.76829268292683	18.09451219512195	18.628048780487806	31.509146341463413	0.0
150.0	27.53933099129372	18.206812280433788	21.76569421108905	32.48816251718345	0.0
151.0	29.01840490797546	19.24846625766871	18.773006134969325	32.9601226993865	0.0
152.0	27.757125154894673	17.859355638166047	19.36183395291202	35.02168525402726	0.0
153.0	28.92446378613615	17.578489275722724	19.801056885296862	33.695990052844266	0.0
154.0	28.402182385035076	17.10054559625877	21.543257989088076	32.95401402961809	0.0
155.0	28.38175570134333	18.259918775382694	21.180880974695405	32.17744454857857	0.0
156.0	29.978083907326237	16.108328115216032	20.053224796493424	33.860363180964306	0.0
157.0	31.119485005495367	17.114146647825404	21.5732454074423	30.19312293923693	0.0
158.0	29.544025157232706	19.18238993710692	19.40251572327044	31.871069182389938	0.0
159.0	31.99496142339789	15.887261848527793	20.26452527161077	31.85325145646355	0.0
160.0	28.88713496448303	17.995264404104184	23.99368587213891	29.123914759273877	0.0
161.0	29.20745184717398	17.303441742974424	21.155667824439533	32.33343858541206	0.0
162.0	28.52852852852853	17.449027975343764	21.54259522680575	32.479848269321955	0.0
163.0	30.82397596077811	17.03305393009647	19.18393167800095	32.95903843112447	0.0
164.0	29.684777443370823	17.440202756217328	19.768731189608744	33.106288610803105	0.0
165.0	30.198255352894527	17.002379064234734	23.203806502775574	29.595559080095164	0.0
166.0	33.03670745272525	17.67042745908152	20.181153662799936	29.111711425393295	0.0
167.0	31.304763422016883	19.27672454994424	18.400509797674047	31.01800223036482	0.0
168.0	28.806518613196996	18.996644831442723	21.073653938328807	31.123182617031475	0.0
169.0	29.9167200512492	18.946188340807176	18.641896220371557	32.49519538757207	0.0
170.0	26.985400288785495	18.11326808920263	20.61607572597465	34.28525589603722	0.0
171.0	28.04368776100225	20.237712817218117	19.29007388371346	32.428525538066175	0.0
172.0	30.568948891031823	20.79717132754741	18.900675024108004	29.73320475731276	0.0
173.0	29.829362524146813	18.061815840309077	19.0920798454604	33.01674179008371	0.0
174.0	29.19555054006126	20.554570369176204	19.458326616153474	30.79155247460906	0.0
175.0	28.84801548886738	19.667634720877704	18.522103904485316	32.962245885769605	0.0
176.0	29.541047188106013	17.16224951519069	18.729799612152554	34.566903684550745	0.0
177.0	26.993368914766297	18.939026362607148	20.459323952773733	33.60828076985282	0.0
178.0	28.488089450656297	17.096094636201588	21.131097066925943	33.28471884621617	0.0
179.0	28.144296392590185	19.580760480987973	19.483262918427037	32.7916802079948	0.0
180.0	28.761997722466244	19.74947128680657	18.90353017732227	32.58500081340491	0.0
181.0	27.956287718153643	18.03947153808514	19.344315772304682	34.65992497145653	0.0
182.0	31.29795918367347	16.408163265306122	19.020408163265305	33.2734693877551	0.0
183.0	29.609029936201537	19.433993129396367	19.924750531653853	31.032226402748243	0.0
184.0	31.196581196581196	19.559500328731097	18.73767258382643	30.506245890861276	0.0
185.0	27.933421226104155	20.121951219512198	21.39090309822017	30.55372445616348	0.0
186.0	29.556325251525646	17.532574633019955	21.77140029688273	31.139699818571664	0.0
187.0	29.894179894179896	19.047619047619047	21.01521164021164	30.042989417989418	0.0
188.0	30.062872270019852	17.091330244870946	18.97749834546658	33.86829913964262	0.0
189.0	30.968169761273213	18.318965517241377	19.976790450928384	30.73607427055703	0.0
190.0	31.056829511465605	17.929544699235628	18.527750083084083	32.48587570621469	0.0
191.0	30.263157894736842	15.556295802798134	18.97068620919387	35.20986009327115	0.0
192.0	31.266711229946527	16.37700534759358	19.836229946524064	32.520053475935825	0.0
193.0	28.38720482331268	16.144699380338302	22.69301624518506	32.77507955116396	0.0
194.0	28.16806722689076	17.495798319327733	20.537815126050422	33.79831932773109	0.0
195.0	27.238994771462306	19.193793219767247	20.492494518468543	33.07471749030191	0.0
196.0	30.125169147496617	17.828146143437078	17.642083897158322	34.40460081190798	0.0
197.0	27.522469052060373	19.450568085467186	17.72087502119722	35.30608784127522	0.0
198.0	29.631516386483277	17.592120903379183	18.69587366276108	34.08048904737647	0.0
199.0	28.537414965986397	20.136054421768705	19.897959183673468	31.428571428571427	0.0
200.0	25.6685402827457	18.685062169988075	21.30812468063362	34.3382728666326	0.0
201.0	29.314461118690318	18.144611186903138	19.133697135061393	33.40723055934516	0.0
202.0	31.813524590163933	17.810792349726775	19.56967213114754	30.806010928961747	0.0
203.0	32.98510018838842	16.83507449905806	19.12998801164583	31.04983730090769	0.0
204.0	33.54495538778311	19.080301990391217	19.73232669869595	27.64241592312972	0.0
205.0	31.128672049476037	18.05531695584951	20.872702284830787	29.94330870984367	0.0
206.0	27.99034815580834	19.61392623233368	17.821440882454326	34.57428472940365	0.0
207.0	27.65000864603147	18.537091475012968	19.574615251599518	34.238284627356045	0.0
208.0	25.94969644405898	18.976582827406766	19.861231569817868	35.212489158716394	0.0
209.0	28.36262397772751	18.061597355141814	18.096398120758657	35.47938054637202	0.0
210.0	30.14513026752929	17.258261933904528	19.199160692428745	33.397447106137435	0.0
211.0	29.973753280839894	17.655293088363955	20.402449693788277	31.968503937007874	0.0
212.0	29.389044943820224	17.9248595505618	18.978230337078653	33.70786516853933	0.0
213.0	29.614640154847795	18.282597219778285	19.39116663733943	32.71159598803449	0.0
214.0	31.069160197600564	20.783345095271702	20.34227240649259	27.805222300635148	0.0
215.0	32.141592920353986	20.106194690265486	17.557522123893804	30.194690265486724	0.0
216.0	29.545454545454547	18.519176136363637	20.294744318181817	31.640625	0.0
217.0	27.60092477325271	20.43393206473413	20.43393206473413	31.531211097279034	0.0
218.0	27.211126961483593	18.794579172610558	19.454350927246793	34.53994293865906	0.0
219.0	27.038626609442062	21.602288984263232	21.834763948497855	29.524320457796854	0.0
220.0	29.088952654232425	21.215925394548062	18.02367288378766	31.67144906743185	0.0
221.0	32.246442082507656	19.00558457935507	15.690866510538642	33.05710682759863	0.0
222.0	30.90121004153874	19.97471554993679	17.572692793931733	31.55138161459274	0.0
223.0	32.26449275362319	18.768115942028984	16.956521739130434	32.01086956521739	0.0
224.0	31.40978816654492	20.745069393718044	16.197954711468224	31.64718772826881	0.0
225.0	33.13761467889908	18.91743119266055	18.587155963302752	29.357798165137616	0.0
226.0	33.17343173431734	18.265682656826566	20.479704797047972	28.08118081180812	0.0
227.0	29.715236686390533	20.173816568047336	18.953402366863905	31.157544378698226	0.0
228.0	29.14964723356851	20.571852952098034	20.163386557742292	30.115113256591165	0.0
229.0	29.618604651162787	22.43720930232558	17.972093023255812	29.972093023255812	0.0
230.0	29.332333083270818	22.43060765191298	18.698424606151537	29.538634658664662	0.0
231.0	30.58690744920993	19.243792325056432	18.491346877351393	31.677953348382243	0.0
232.0	27.916194790486976	21.706304265760664	19.535673839184597	30.84182710456776	0.0
233.0	29.20689002460723	20.424001514291124	19.042210865038804	31.326897596062842	0.0
234.0	27.47628083491461	21.11954459203036	21.59392789373814	29.810246679316887	0.0
235.0	27.92517656041229	18.91582363046383	22.294330979194502	30.864668829929375	0.0
236.0	30.61940007791196	18.406700428515776	21.347876899104012	29.62602259446825	0.0
237.0	26.578073089701	19.523158100449482	21.809654094195817	32.08911471565371	0.0
238.0	27.206889802309647	19.495008807985908	22.254844392248973	31.043256997455472	0.0
239.0	28.585461689587426	17.760314341846758	19.508840864440078	34.145383104125735	0.0
240.0	27.486652165315405	16.927031837057545	21.41585920506229	34.170456792564764	0.0
241.0	26.751339551498315	18.178209962294105	25.04465171661044	30.025798769597138	0.0
242.0	25.942173479561315	18.205383848454638	23.290129611166503	32.56231306081755	0.0
243.0	27.460412908398478	17.21787933453598	23.451593505712566	31.870114251352977	0.0
244.0	27.852686657275104	18.09217146307104	22.217750050311935	31.83739182934192	0.0
245.0	27.607113985448667	17.38075990299111	22.61519805982215	32.39692805173808	0.0
246.0	26.01989039983763	19.38299167850619	23.15810838238279	31.439009539273393	0.0
247.0	26.56345487879405	19.963332654308413	23.385618252189854	30.08759421470768	0.0
248.0	26.241721854304632	19.908940397350992	22.019867549668874	31.829470198675498	0.0
249.0	23.532048408785297	19.94621246077992	21.806364858807708	34.71537427162708	0.0
250.0	14.30044688896528	20.763148848401514	23.891371605362668	41.04503265727054	0.0
