# Position (bp)	A	C	G	T	N
0.0	27.043141172625802	24.150766933514717	23.393265651528157	25.412294848938146	5.313933931859426E-4
1.0	27.207144947049706	20.49022216750008	15.009710974394007	37.29252473418938	3.971768668305683E-4
2.0	28.763918631669366	19.633137921616285	17.871661606545565	33.73062211121183	6.597289569553245E-4
3.0	23.980560676823227	22.351931759711437	15.237734289771193	38.42832572051959	0.0014475531745499095
4.0	34.197707360579194	13.962934788311212	14.312732805204345	37.524526520119615	0.002098525785635591
5.0	36.507217143006834	15.181017997013596	22.5926702119299	25.714772221203468	0.004322426846200193
6.0	32.46247675638072	17.53438486464433	20.026127004966483	29.976619076636602	3.922973718691401E-4
7.0	35.99596264005735	16.47300309330715	20.171783659138182	27.358728309962693	5.222975346250622E-4
8.0	22.76644949779699	27.212799390256638	22.590521831735888	27.43022928021049	0.0
9.0	28.880861716519057	18.18806803876524	16.170621331840955	36.75927484107634	0.0011740717984040452
10.0	26.35530739078388	16.979190844910637	25.44811794375608	31.215688626814835	0.001695193734563957
11.0	28.19160515198244	18.691773956183905	20.09630312281255	33.020317769021105	0.0
12.0	26.510086789517505	19.739436004945997	21.324084123681253	32.426393081855245	0.0
13.0	27.313546571836106	21.903124328337796	18.555527332174005	32.22741098236907	3.907852830262412E-4
14.0	31.876746321733524	18.140513361600135	20.601418550577385	29.381061242566936	2.6052352201749414E-4
15.0	29.872148081569915	19.18156535558204	19.639695969049807	31.30659059379824	0.0
16.0	30.09724040459303	17.736050593667976	19.417208881246868	32.749109335209106	3.907852830262412E-4
17.0	29.948090688238015	18.18063398399083	20.79537831271941	31.0752457062467	6.513088050437354E-4
18.0	31.140246324990066	18.50993571582094	18.48010577254994	31.86971218663905	0.0
19.0	30.584289129004734	18.575196858086322	19.64008675433283	31.199906211532074	5.210470440349883E-4
20.0	30.330148433276673	18.186886548519247	18.99385815796844	32.48871607495262	3.907852830262412E-4
21.0	30.20210112220507	17.473312621713333	19.461758403511855	32.86217654376469	6.513088050437354E-4
22.0	28.806476614757354	19.16489185017292	19.80161133798368	32.22702019708604	0.0
23.0	30.093593075284787	17.8570637696451	20.52195887636205	31.526342184619992	0.0010420940880699766
24.0	31.03668822498811	18.039430235057345	19.004148837088128	31.9196024411054	1.3026176100874707E-4
25.0	29.359307528478478	18.435947035567974	19.236275295205715	32.96820961722581	2.6052352201749414E-4
26.0	32.12971466161251	17.991493907006127	20.028006278616882	29.85026410572045	5.210470440349883E-4
27.0	29.32270397363502	18.251887167262616	20.176374424405843	32.248643649413495	3.907852830262412E-4
28.0	30.319988015917986	18.111464988895186	19.7661801389893	31.802236594436522	1.3026176100874707E-4
29.0	29.57397891062089	18.45639813204635	19.720849046158254	32.24838312589148	3.907852830262412E-4
30.0	29.817122655088816	18.387646823582436	19.72975472629622	32.06391262946593	0.0015631655665888993
31.0	30.188585847138256	18.537218902614566	19.577652114670407	31.694979945574936	0.001563190001836748
32.0	28.997888357830202	18.605378239273417	19.919259974285122	32.47721289287161	2.6053573964142466E-4
33.0	29.53901508391314	18.67362132460701	19.623025927551883	32.16420739436115	1.3026956681460949E-4
34.0	29.669695489333986	18.10141670737665	19.66376811594203	32.56433805569125	7.816316560820713E-4
35.0	29.90943849255543	17.683765479623663	19.944149387339657	32.462124672138636	5.219683426200202E-4
36.0	30.484896194381456	17.76033650174478	18.97770101527548	32.77680519165169	2.6109694660175797E-4
37.0	29.327439175688557	18.971961396314626	18.878455852585116	32.82083763206352	0.001305943348177556
38.0	30.17763927271777	18.618085363543116	19.805047594781232	31.399097103806927	1.3066515095091564E-4
39.0	29.091047027077227	18.900822349274115	19.89282121914882	32.11452459526734	7.84809232495811E-4
40.0	29.757812694669834	18.97708748355757	19.735111323276183	31.52841474658004	0.0015737519163708232
41.0	29.85597882567755	18.368619485743903	20.657198559262056	31.117282277818266	9.208514982253877E-4
42.0	29.287513726503455	18.363919432510425	19.59610793480883	32.75193159752112	5.273086561670725E-4
43.0	28.921764117083114	18.511133354637817	20.44557188019132	32.12139859548856	1.320525991913099E-4
44.0	29.259721210020988	18.867724881721255	20.54564957747671	31.32690433078104	0.0
45.0	29.371787179313973	18.40465281999727	19.804154530631816	32.419273016743425	1.3245331351831763E-4
46.0	30.049622329252507	17.546174492372323	19.440628248923215	32.96344232034117	1.3260911077634679E-4
47.0	29.710903789003968	17.921283963595194	20.00698152550314	32.360432536032505	3.981858651981572E-4
48.0	29.731496279527637	18.282856865769396	19.030405445799076	32.95471000774517	5.314011587202266E-4
49.0	29.522792354356504	17.408722183724745	20.29399363971415	32.7744918222046	0.0
50.0	29.43550106609808	18.971082089552237	19.819296375266525	31.77318763326226	9.328358208955224E-4
51.0	30.001831572839784	18.701027151396207	19.145818599421652	32.15132267634237	0.0
52.0	29.85318545433077	17.995314600681073	20.003381216003348	32.14771620327012	4.025257146844065E-4
53.0	30.930139247562295	17.77540507280135	19.898183130336903	31.396272549299454	0.0
54.0	30.403077342820367	18.257541070181624	19.49717644611746	31.84152981108324	6.753297973065147E-4
55.0	29.046401317625133	18.575832522910805	18.47668556599097	33.900945146810635	1.3544666245879036E-4
56.0	29.351772152242443	18.596940922827947	20.475533627854816	31.57561753117864	1.3576589614995073E-4
57.0	27.987257126378616	18.574833096648874	20.17925447115986	33.258383254710566	2.720511020790145E-4
58.0	30.47039808995318	18.200636682274833	22.07374176210541	29.255087189494745	1.3627617183880163E-4
59.0	29.887689545228003	20.343690473752122	21.064115956277437	28.704504024742437	0.0
60.0	31.177879381667754	19.1417894608558	19.523283311903402	30.157047845573043	0.0
61.0	29.20819155778121	20.85035098038138	20.025533341761992	29.913313067903847	0.002611052171570864
62.0	30.948145365347006	16.594063180226073	21.80770250709921	30.649536479453722	5.524678739931273E-4
63.0	26.346571340414236	20.203504129290863	25.445521435898005	28.004125121265776	2.779731311171462E-4
64.0	25.99482987493887	19.561936700901278	18.943617690211696	35.498777335289596	8.383986585621463E-4
65.0	27.787698649653038	19.214800848058918	18.8205574203048	34.17610008106859	8.430009146559924E-4
66.0	26.574943749488313	19.517586577795093	16.847063539787534	37.05645377577149	0.003952357157577657
67.0	33.35394758118279	14.159435131784617	18.039499924824188	34.44555710950421	0.0015602527042016187
68.0	33.848546122682436	15.539306352566506	22.969149029431083	27.64113022021215	0.001868275107821031
69.0	31.98118512015479	17.02749562145918	20.417139509926404	30.573739325242272	4.4042321735032584E-4
70.0	32.61941592022664	16.009341231456187	22.177050465086516	29.19371836945582	4.740137748402969E-4
71.0	25.4107919428954	19.45656859843014	26.21797253241735	28.91446826010168	1.9866615543242668E-4
