# Position (bp)	A	C	G	T	N
0.0	27.18119783520423	23.672470829238584	23.852478303597383	25.293576203856215	2.7682810358907635E-4
1.0	26.968875517236153	20.052905967467723	15.148038811497845	37.82976605276257	4.136510357132516E-4
2.0	28.11314497352027	19.72951056614371	17.896768532206533	34.25982063956462	7.552885648624654E-4
3.0	23.477844616471902	22.124498024971377	15.171424814686981	39.223972629006894	0.0022599148628437123
4.0	34.241609464028755	13.900053201697263	14.343628328435454	37.51300163429604	0.001707371542487258
5.0	36.00822680569796	14.798910909447875	22.628078575947296	26.56048897275365	0.004294736153225278
6.0	32.439574416511306	17.389454103247438	20.330081856596394	29.840821534644363	6.808900049432614E-5
7.0	35.49054550401306	16.545980138756633	20.4039586450823	27.5588355325806	6.801795674057951E-4
8.0	23.197997181752495	26.929082261422703	22.06587194715344	27.806980634574717	6.797509664359365E-5
9.0	28.79139079596143	18.32641986513642	15.992529921753038	36.88830072703508	0.0013586901140348613
10.0	26.8295531791935	17.020438569863757	25.191588248756076	30.9557715514285	0.002648450758169961
11.0	27.976751193795252	18.8011553820552	19.890569899799925	33.33145565651273	6.786783688915554E-5
12.0	26.47475973196608	19.894444176895878	21.228712648995348	32.40201561292852	6.782921417820499E-5
13.0	27.34160255914775	21.32810709583108	18.392043751771347	32.937636368320916	6.102249289087957E-4
14.0	31.487131712304713	18.397061156742375	20.469995240245552	29.645811890707357	0.0
15.0	29.896275322639482	18.68874867276078	19.3346378586258	32.0801347376643	2.0340830963626528E-4
16.0	30.58942303910999	17.283875280872973	19.201134204734533	32.925092855893354	4.746193891512856E-4
17.0	29.944076275404	18.180499109749633	20.53766240458455	31.33735539364254	4.0681661927253056E-4
18.0	31.60551534851302	17.88264154167226	18.47286465346682	32.0389784563479	0.0
19.0	30.416525975919168	18.29861153487842	19.729114373780398	31.555544707112375	2.0340830963626528E-4
20.0	30.127618373465793	17.8815566973542	19.65120899118971	32.33900571306139	6.102249289087957E-4
21.0	29.90875103229717	17.221835746433914	19.243239724829238	33.62522425766137	9.492387783025712E-4
22.0	28.615209788550285	18.753839331844386	20.12874389944578	32.50213917738968	6.780276987875509E-5
23.0	29.747651651065247	17.270857149056255	20.24095748359512	32.739109858115924	0.0014238581674538568
24.0	30.854125052716654	17.910169466243033	18.59999484698949	32.63510040912191	6.102249289087957E-4
25.0	29.34191987611078	17.913491801967094	19.279446403944494	33.464735101358364	4.0681661927253056E-4
26.0	31.577377199013334	17.652993560092916	19.963237338171737	30.805781677793103	6.102249289087957E-4
27.0	29.1066442646315	18.099203588665006	19.768372177540197	33.025576560853665	2.0340830963626528E-4
28.0	29.755584575141064	17.904067216953948	19.976933497687245	32.362804485288834	6.102249289087957E-4
29.0	28.989093917070374	18.439450390374713	19.53358442976137	33.037803459977695	6.780281585094229E-5
30.0	29.741773277968687	18.07648078284383	19.55733143119062	32.622855004108956	0.001559503887910997
31.0	30.25848198030517	18.07454961781336	19.63848730983053	32.02583667106725	0.0026444209836839227
32.0	29.050432367521545	18.363465368219277	19.655109517509985	32.93058590833795	4.06838411241759E-4
33.0	29.52141040854382	18.08306492625869	19.505678928631973	32.88977792846245	6.780810306831666E-5
34.0	29.631565992021436	18.074307944457892	19.632996790535845	32.66011211764283	0.0010171553419981406
35.0	29.913430741874613	17.446125318789118	19.682679079277214	32.95735702749879	4.07832560264058E-4
36.0	30.763601442405133	17.169232317818818	19.03508211126542	33.03167605463293	4.080738776948179E-4
37.0	28.782027420528173	18.919102840931128	19.0998466807714	33.1982744951796	7.485625896999149E-4
38.0	30.23615312430624	18.386479930593673	19.53782685736155	31.83933579124712	2.0429649141205647E-4
39.0	29.787393643972155	18.403539506784895	19.784249931295218	32.02427137127929	5.455466684487857E-4
40.0	29.579884268843955	18.76637842240161	19.854702989778563	31.79718645308987	0.0018478658860003629
41.0	29.68264371511719	18.225349480759665	20.617166395985677	31.474222101308886	6.183068285806148E-4
42.0	29.19919083608783	18.59361967229826	19.604110288187158	32.60273481973925	3.44383687508997E-4
43.0	29.536678870527506	18.34381761151695	20.285439218216762	31.833857259686887	2.0704005189803965E-4
44.0	29.320641785462698	18.776697565963165	20.07345870488418	31.829132812591816	6.913109814058085E-5
45.0	29.510913105767212	18.5468441975071	19.571923463887146	32.369419068662445	9.001641760970404E-4
46.0	30.035855366482618	17.489944063964145	19.47665448836937	32.99699136656027	5.547146235949251E-4
47.0	29.438343422002553	18.209932248570002	19.709418559449105	32.641611595490645	6.941744876992281E-4
48.0	30.196640925996967	17.928890705005255	18.835721155717152	33.03839974203735	3.474712432799061E-4
49.0	29.249332836947783	17.944337551450708	20.058800811381612	32.7475288002199	0.0
50.0	29.697038169940658	18.545105333302647	19.705455907305858	32.05184266153931	5.579279115293711E-4
51.0	30.002183503907915	18.36655711822274	19.43395460551363	32.196884867758044	4.199045976754081E-4
52.0	29.682298802121753	18.041240734886006	19.66346998278709	32.612639196262336	3.512839428109741E-4
53.0	31.062342873463113	17.726588366377655	19.459537602826426	31.751531157332806	0.0
54.0	30.034090338335467	18.524232861275173	19.147324166647213	32.293432993986265	9.196397558851639E-4
55.0	28.800000567553397	18.522601749909015	18.44598204119161	34.23141564134598	0.0
56.0	29.437778081225318	17.951601065100878	20.596288646889473	32.01404772471239	2.8448207193982635E-4
57.0	27.944744554726363	18.753959211129185	19.707732726794656	33.59342099356336	1.4251378642741452E-4
58.0	30.564206251633163	17.682617741090258	22.214202182117262	29.538402665033146	5.711601261692719E-4
59.0	29.444523949225065	20.293014868984073	21.066445325357414	29.19587274782833	1.4310860512042588E-4
60.0	30.965033478584335	19.075468283673196	19.61972866691753	30.339625947554527	1.43623270416766E-4
61.0	28.98200044977252	20.839964594829922	19.50549529757065	30.670305211018274	0.002234446808633326
62.0	30.800703969719738	16.207678312791224	21.793717164442427	31.197176006196326	7.245468502861598E-4
63.0	26.538458735653126	20.057278192749134	25.382036800874474	28.021789032610677	4.3723811258881404E-4
64.0	26.25112776113671	19.895062330102924	18.232535368274934	35.62032176097107	9.527795143609525E-4
65.0	27.311347162472742	19.115887795391593	18.97894690317638	34.59286051034239	9.576286168896221E-4
66.0	26.357883888850637	19.42241303361237	17.228773034885762	36.986932183726786	0.003997858924442687
67.0	33.29927890428572	14.055599746117162	17.972702386364737	34.669517019897654	0.0029019433347198175
68.0	34.12576842970491	15.439424743756403	22.968549236331228	27.464375798350193	0.0018817918572608184
69.0	31.71567153446901	16.872476088449474	20.50337111141702	30.907712220057785	7.690456067116148E-4
70.0	32.81089060465579	15.695507584113583	22.326237135203723	29.1670329488062	3.317272207064131E-4
71.0	25.962368898417747	19.25113752781813	25.6265149197073	29.159456493020276	5.221610365523169E-4
