# Position (bp)	A	C	G	T	N
0.0	26.858541337762414	23.607157739055925	23.913515543843793	25.620785379337867	0.0
1.0	26.834187894272198	20.370900884572883	15.468624848722252	37.32628637243266	0.0
2.0	27.334281185903414	20.292979675554726	17.602088383367516	34.770650755174344	0.0
3.0	24.557673764797453	21.269996166312342	15.136676773661403	39.03507243346229	5.808617665168044E-4
4.0	33.29185644753367	15.287029695521076	14.401546412635211	37.01898869706633	5.787472437162517E-4
5.0	35.05524606458473	14.664478398557593	21.74071334458288	28.52742655047271	0.012135641802085019
6.0	31.220012917512456	17.63240450267577	21.032478317032663	30.109914190810112	0.00519007196899797
7.0	34.54550687928156	17.866559207875195	20.159461170917044	27.427321397731852	0.0011513441943469
8.0	24.80232611593803	26.119960465223187	21.036178917850414	28.040385234220565	0.0011492667678021423
9.0	28.214533785684353	18.56189114873049	16.458573716568793	36.764427299498855	5.740495175113805E-4
10.0	26.940943030497667	17.301317857019967	24.084439193916523	31.672152958583276	0.0011469599825662082
11.0	27.908829361667987	19.04450786882615	19.612461744781818	33.43076235342664	0.00343867129741068
12.0	27.153740405544735	20.2583342880055	20.363157291786	32.2178943750716	0.006873639592164051
13.0	27.086457343665938	21.265782214031432	18.565492611119378	33.08226783118325	0.0
14.0	30.74026167282884	18.82876798571445	19.964286123098407	30.46553954281659	0.0011446755417177002
15.0	29.313995947848582	18.15112006501757	19.423426929636793	33.110884719726194	5.723377708588501E-4
16.0	30.31329769576813	17.85235974862925	18.85280617209052	32.98039170797038	0.0011446755417177002
17.0	29.488558967960532	18.623298725976124	20.65967651469191	31.223314751433705	0.0051510399377296505
18.0	32.16996142443425	17.993154840260527	18.068131088243035	31.761312256041023	0.00744039102116505
19.0	30.427192912169044	18.312519316399765	19.581392154393836	31.67889561703735	0.0
20.0	29.967605682169392	18.014331337782306	20.438754135140393	31.57930884490791	0.0
21.0	29.55495014938016	17.69210517278877	19.299229633360422	33.453142706699786	5.723377708588501E-4
22.0	28.735362461510285	18.7543640755028	20.083904717207908	32.42522407023729	0.0011446755417177002
23.0	29.83425098155928	17.466604091070387	19.982028593995032	32.715971657833585	0.0011446755417177002
24.0	30.73911699728712	17.646318151120067	18.611851970558945	32.99927885440872	0.0034340266251531
25.0	29.027254724648298	17.74247089662435	18.99875230365953	34.230377399526105	0.0011446755417177002
26.0	30.650976980574857	17.35900459014892	21.030551390208448	30.95946703906778	0.0
27.0	28.725060381634826	18.190039033435973	19.945398976660066	33.139501608269136	0.0
28.0	29.73351953388812	17.502089032863637	20.595574684355718	32.16309337118394	0.0057233777085885
29.0	29.50859078994059	18.21178786872861	18.630739116997287	33.646020535479224	0.00286168885429425
30.0	29.731400346838676	18.028170626312807	19.189450609829382	33.04811671178622	0.0028617052329141888
31.0	30.31804991958608	17.93201733048689	19.082422834118397	32.664075869529135	0.0034340462794970267
32.0	28.997418712332372	18.22297517728467	19.044866328218454	33.7347397821645	0.0
33.0	29.5952883806384	17.39784909310485	19.641477360531603	33.363668103275586	0.0017170624495612906
34.0	29.224094509821878	18.208823664087184	19.106873025321672	33.460208800769266	0.0
35.0	30.22338049143708	17.12469213586116	19.56526719743399	33.08666017526777	0.0
36.0	31.03857192779436	17.858349994557653	18.472476039345313	32.630602038302676	0.0
37.0	28.966864725801738	19.194737776962878	19.227970457293143	32.610427039942245	0.0
38.0	30.895483042785592	18.34920744077296	18.565255762243694	32.18718839184403	0.002865362353723252
39.0	30.693949157789728	18.329109859994723	19.021683044570064	31.95525793764548	0.0
40.0	28.63513490246044	18.934554658310233	19.41034338286357	33.017671332724966	0.002295723640788122
41.0	29.40534266489689	17.750081881022563	20.75525906006332	32.08759258301587	0.0017238110013618106
42.0	28.51754098454921	19.07628790100456	19.66683342246143	32.735887572093134	0.003450119891666235
43.0	29.7624528128165	18.41566154129454	20.309478869349046	31.510104962710617	0.0023018138292974864
44.0	29.4747568958668	18.780477975254904	19.572689431231325	32.17149996257722	5.757350697503037E-4
45.0	29.558455024626284	18.766669546933954	19.510930614361012	32.16394481407875	0.0
46.0	30.20760088988277	17.263956289696033	19.889802081772388	32.6374880407594	0.0011526978894101645
47.0	30.167140394472085	18.932584593564606	19.394973680720913	31.503571696253037	0.0017296349893627446
48.0	30.588527067400307	18.260834458017555	18.369842313504286	32.78079616107785	0.0
49.0	28.317608701924463	19.07210248420324	19.773796127989844	32.83533858449465	0.0011541013878069188
50.0	29.242204600715	18.492956851692494	19.033537976401554	33.2307230272543	5.77543936654981E-4
51.0	30.604208468980033	17.78624585831835	18.829978547100968	32.77956712560065	0.0
52.0	29.15617164926665	18.434172355689892	19.937348365093428	32.47230762995003	0.0
53.0	30.921224279179256	18.326501504548432	19.05471454164903	31.685384138174943	0.01217553644833804
54.0	30.21410703610626	18.85175017556893	18.80473832974457	32.12708288594694	0.0023215726333017986
55.0	29.15913699832072	18.196133575832235	18.187998628680337	34.455568661859296	0.0011621353074138421
56.0	29.776392023640554	17.793238243711755	20.903041161551528	31.526746864601996	5.817064941713009E-4
57.0	27.892530709669906	19.17622402049252	19.037084473423764	33.892414274902485	0.0017465215113232813
58.0	30.58066019870058	17.573638667948604	21.94155522535909	29.904145907991726	0.0
59.0	28.24112978524743	21.47408963585434	20.82107843137255	29.45436507936508	0.009337068160597572
60.0	30.94051879400276	18.663602554206722	20.019062989731715	30.376815662058803	0.0
61.0	28.728116431132673	21.034005952799458	19.236448006749633	31.001429609318244	0.0
62.0	31.016938198781485	16.320715364232964	21.279383339110613	31.38296309787494	0.0
63.0	25.86876231607019	20.95472406102871	25.200892066975822	27.97503156453916	5.899913861257625E-4
64.0	25.55724612369828	21.419564149167314	17.94436123165454	35.07586835670856	0.002960138771305599
65.0	27.390704697587598	19.27306882899164	18.71187891614253	34.617808268039525	0.006539289238707837
66.0	26.875858362691822	19.04579924762644	17.598375828506597	36.47339822057682	0.006568340598316117
67.0	32.77232883770813	14.546772676344943	18.058393198444605	34.621306986692865	0.0011983008094521967
68.0	34.58011247041447	15.618133281678462	22.846990599216703	26.954763648690367	0.0
69.0	31.93286162158143	17.048538395766986	20.49529733949615	30.523302643155432	0.0
70.0	31.65245359063672	16.627964393909064	22.982477212368714	28.737104803085504	0.0
71.0	25.66243316635464	20.27357519944678	24.058425677613048	30.00556595658554	0.0
