# Position (bp)	A	C	G	T	N
0.0	67.10339384372533	9.850039463299131	11.617995264404104	11.428571428571429	0.0
1.0	10.542929292929292	68.19760101010101	10.637626262626263	10.621843434343434	0.0
2.0	15.682888540031398	63.70486656200942	7.81789638932496	12.794348508634224	0.0
3.0	68.89271191742259	8.758210822646232	8.695652173913043	13.653425086018142	0.0
4.0	67.88503592627305	9.950015620118712	8.87222742892846	13.292721024679787	0.0
5.0	12.578027465667915	63.34269662921348	10.096754057428214	13.982521847690387	0.0
6.0	14.481683554169914	64.02182385035074	8.542478565861263	12.954014029618083	0.0
7.0	70.78336707677931	8.690235165862015	8.254166017754244	12.272231739604424	0.0
8.0	66.79116090880797	11.095549330843449	10.192966075319017	11.920323685029567	0.0
9.0	14.09698476841778	62.2785203605844	8.797015853279452	14.827479017718371	0.0
10.0	12.834058421379737	7.473586078309509	8.39030453697949	71.30205096333127	0.0
11.0	11.576660459342024	9.419615145872129	8.876474239602732	70.12725015518312	0.0
12.0	13.06369130636913	8.523167518983419	9.59243762591043	68.82070354873701	0.0
13.0	13.891032566754127	62.30899830220713	9.507640067911714	14.292329063127026	0.0
14.0	13.736348254114752	8.890939855406861	64.06706660513767	13.305645285340717	0.0
15.0	65.16286894020492	9.343936381709742	9.405107814650558	16.088086863434775	0.0
16.0	11.075514874141875	11.426392067124333	10.129672006102213	67.36842105263158	0.0
17.0	14.633774935282473	60.712654179990864	9.882747068676718	14.770823816049946	0.0
18.0	12.846270928462708	9.512937595129376	10.974124809741248	66.66666666666666	0.0
19.0	13.189484880717217	62.3613432609026	9.375474851846224	15.073697006533962	0.0
20.0	14.240266626268747	9.75609756097561	9.104681108922891	66.89895470383276	0.0
21.0	12.896405919661733	10.812443370582905	10.857746904258532	65.43340380549682	0.0
22.0	13.549359457422758	8.681235870384326	61.10022607385079	16.669178598342125	0.0
23.0	14.944260319373306	9.731846941849955	9.09912624284423	66.22476649593251	0.0
24.0	66.01022248947685	8.719182200841852	10.102224894768492	15.168370414912808	0.0
25.0	13.850082619798709	9.328526363226679	59.92188673576686	16.89950428120775	0.0
26.0	67.89142171565686	8.203359328134372	8.893221355728855	15.011997600479903	0.0
27.0	12.383808095952025	12.968515742128936	6.881559220389804	67.76611694152923	0.0
28.0	11.723311873034884	61.64096421620003	7.995208863602336	18.640515047162747	0.0
29.0	14.980544747081712	7.273271475606107	9.158934450763244	68.58724932654894	0.0
30.0	14.06062424969988	9.093637454981993	60.339135654261696	16.50660264105642	0.0
31.0	14.188985856154076	8.576587421005117	8.62172735479988	68.61269936804094	0.0
32.0	13.458056729028364	9.746529873264937	8.43391671695836	68.36149668074833	0.0
33.0	14.744944159372169	61.62088741322065	8.330817989737398	15.303350437669785	0.0
34.0	16.162843688288014	9.296673249278445	9.266291964150083	65.27419109828347	0.0
35.0	12.989972652689152	60.93892433910666	9.601944697660286	16.469158310543907	0.0
36.0	14.522758410717005	8.41832851271122	10.047191353326228	67.01172172324554	0.0
37.0	66.12263575350823	10.11287370347773	10.219646125686394	13.544844417327639	0.0
38.0	67.87461773700306	10.259938837920489	7.507645259938838	14.357798165137615	0.0
39.0	66.99831624062452	10.959742844022655	6.597275371192408	15.444665544160415	0.0
40.0	12.735921436243668	62.92772748197023	9.176001227558693	15.160349854227405	0.0
41.0	13.813953488372094	7.550387596899225	63.86046511627907	14.775193798449612	0.0
42.0	67.92921452964917	8.91027631170444	9.236262030425333	13.92424712822105	0.0
43.0	68.87468827930175	9.02431421446384	9.02431421446384	13.076683291770575	0.0
44.0	14.121355397951143	62.77383766745469	7.549251379038613	15.555555555555555	0.0
45.0	22.950819672131146	10.75963980604941	12.07573308704687	54.21380743477256	0.0
46.0	27.61904761904762	16.92063492063492	20.19047619047619	35.269841269841265	0.0
47.0	31.641689373297005	18.256130790190735	17.881471389645775	32.22070844686649	0.0
48.0	26.371742112482856	20.507544581618657	19.10150891632373	34.01920438957476	0.0
49.0	26.112452569851673	20.8692652638841	19.00655398413246	34.01172818213177	0.0
50.0	26.91375129892622	23.44994804295116	17.457568410114305	32.178732248008316	0.0
51.0	29.795352063822406	17.238987166146373	18.03676725633021	34.928893513701006	0.0
52.0	29.1117279666898	17.487855655794586	20.02081887578071	33.37959750173491	0.0
53.0	31.136680613668062	18.584379358437936	22.76847977684798	27.510460251046027	0.0
54.0	30.888030888030887	20.884520884520885	18.813618813618813	29.41382941382941	0.0
55.0	32.45056497175141	15.28954802259887	19.915254237288135	32.34463276836158	0.0
56.0	27.828854314002825	19.908062234794908	20.685997171145686	31.577086280056577	0.0
57.0	30.693069306930692	17.82178217821782	21.004243281471005	30.48090523338048	0.0
58.0	28.474697077690664	19.672131147540984	18.175338560228084	33.67783321454027	0.0
59.0	26.02935911206588	20.050125313283207	21.41066953097028	32.50984604368063	0.0
60.0	28.356066044508253	19.27494615936827	19.81335247666906	32.55563531945441	0.0
61.0	26.575441123514583	18.86928339935182	21.606049693914294	32.9492257832193	0.0
62.0	27.94064422728918	20.159247195077814	22.511762576909156	29.388346000723853	0.0
63.0	33.2726610848198	16.891153986166728	20.859119038951583	28.977065890061887	0.0
64.0	30.102040816326532	17.602040816326532	21.683673469387756	30.612244897959183	0.0
65.0	29.227405247813408	19.788629737609327	22.84985422740525	28.134110787172013	0.0
66.0	30.339539978094194	15.954728002920774	21.796276013143483	31.909456005841548	0.0
67.0	29.8867373036171	16.989404457435146	20.058458165875045	33.06540007307271	0.0
68.0	24.64246424642464	21.195452878621197	19.691969196919693	34.47011367803447	0.0
69.0	25.009167583425008	19.691969196919693	23.762376237623762	31.536486982031537	0.0
70.0	28.005865102639294	21.26099706744868	17.302052785923756	33.43108504398827	0.0
71.0	28.822882288228826	21.525485881921526	19.58195819581958	30.06967363403007	0.0
72.0	27.647058823529413	18.308823529411764	20.772058823529413	33.27205882352941	0.0
73.0	28.433913365420217	18.43761569788967	20.214735283228432	32.91373565346168	0.0
74.0	29.475251209527354	16.672869371045778	23.185708969110532	30.666170450316336	0.0
75.0	29.757914338919928	20.48417132216015	20.893854748603353	28.86405959031657	0.0
76.0	26.981764049125417	22.478600669892074	19.501302567919613	31.038332713062893	0.0
77.0	29.761904761904763	20.014880952380953	18.71279761904762	31.510416666666668	0.0
78.0	28.204172876304025	21.90760059612519	18.740685543964233	31.147540983606557	0.0
79.0	28.57142857142857	19.82049364248317	17.838444278234856	33.7696335078534	0.0
80.0	29.411764705882355	17.684526039715248	21.730985387785687	31.172723866616707	0.0
81.0	25.920360631104433	18.8580015026296	20.586025544703233	34.63561232156274	0.0
82.0	32.09179834462002	18.397291196388263	19.187358916478555	30.323551542513165	0.0
83.0	28.636021100226074	17.483044461190655	22.07987942727958	31.801055011303692	0.0
84.0	26.694433926542978	19.954562665656947	21.772056039379024	31.57894736842105	0.0
85.0	34.8122866894198	17.70951839211225	19.036784224497534	28.441410693970422	0.0
86.0	29.472085074060004	19.179642992783897	22.255981769844286	29.092290163311812	0.0
87.0	31.46879756468798	19.63470319634703	22.41248097412481	26.48401826484018	0.0
88.0	35.455585207777354	18.109035455585207	17.49904689287076	28.936332443766677	0.0
89.0	29.744177166857575	17.71668575792287	18.4803360061092	34.058801069110345	0.0
90.0	30.801526717557255	17.404580152671755	20.267175572519083	31.52671755725191	0.0
91.0	28.642447418738048	23.365200764818354	15.83173996175908	32.16061185468451	0.0
92.0	30.69535151747983	17.633499807913946	17.90242028428736	33.76872839031886	0.0
93.0	31.928875144955548	18.438345574023966	19.520680324700425	30.11209895632006	0.0
94.0	31.019775106630476	16.71190383869717	18.844513377278016	33.42380767739434	0.0
95.0	29.40947940947941	17.5990675990676	20.2020202020202	32.78943278943279	0.0
96.0	28.160248930377286	16.997277323998443	21.003500583430572	33.838973162193696	0.0
97.0	30.400934215648114	16.97158427403659	19.423900350330868	33.20358115998443	0.0
98.0	30.670303975058456	20.187061574434917	18.23850350740452	30.904130943102103	0.0
99.0	30.667186890362856	19.508388607101054	17.94771751853297	31.87670698400312	0.0
100.0	31.704456606724	13.526192337763879	18.72556684910086	36.04378420641126	0.0
101.0	31.477851822814586	18.89455115640925	20.26656213249706	29.361034888279107	0.0
102.0	32.53343823760818	15.853658536585366	21.20377655389457	30.409126671911878	0.0
103.0	27.455621301775146	17.83037475345168	19.723865877712033	34.990138067061146	0.0
104.0	27.883096366508685	18.878357030015795	20.81358609794629	32.42496050552923	0.0
105.0	27.938266719430153	20.97348634744757	20.419469726948954	30.668777206173324	0.0
106.0	31.346841477949937	17.60031783869686	19.30870083432658	31.74413984902662	0.0
107.0	32.50996015936255	18.127490039840637	18.605577689243027	30.756972111553786	0.0
108.0	35.61698717948718	17.668269230769234	16.907051282051285	29.807692307692307	0.0
109.0	28.887103254319	20.610687022900763	19.445560466050622	31.056649256729614	0.0
110.0	26.438631790744466	19.959758551307846	20.362173038229376	33.23943661971831	0.0
111.0	29.217110573042778	18.765133171912833	21.307506053268767	30.710250201775622	0.0
112.0	27.607113985448667	19.684721099434118	19.684721099434118	33.02344381568311	0.0
113.0	30.04448038819248	19.69268095430651	18.722199757379702	31.54063890012131	0.0
114.0	29.63113092825294	18.402918524523713	21.483583299554116	30.482367247669234	0.0
115.0	28.34485563237088	18.78812525416836	19.31679544530297	33.550223668157784	0.0
116.0	28.47222222222222	20.26143790849673	18.504901960784316	32.76143790849673	0.0
117.0	30.76923076923077	18.985270049099835	19.0671031096563	31.178396072013093	0.0
118.0	29.81952420016407	16.735028712059062	21.00082034454471	32.444626743232156	0.0
119.0	24.814814814814813	20.329218106995885	27.818930041152264	27.037037037037038	0.0
120.0	27.54639175257732	21.649484536082475	22.432989690721648	28.371134020618555	0.0
121.0	30.715171558495246	18.147995039272427	17.858619264158744	33.27821413807359	0.0
122.0	29.70624741414977	17.50103434009102	20.56268100951593	32.23003723624328	0.0
123.0	33.88635420987142	18.913313977602655	17.50311074243053	29.6972210700954	0.0
124.0	30.337078651685395	19.80857261756138	20.973782771535582	28.88056595921765	0.0
125.0	29.227557411273487	19.039665970772443	19.624217118997915	32.108559498956154	0.0
126.0	31.57453936348409	17.964824120603016	19.55611390284757	30.90452261306533	0.0
127.0	30.636325326590814	20.185419300463547	19.97471554993679	29.20353982300885	0.0
128.0	32.011809363137914	17.798397300717	19.73850695908899	30.451286377056096	0.0
129.0	29.164900381517594	20.389995760915642	16.49003815175922	33.95506570580755	0.0
130.0	30.66780093577201	19.310931518502763	15.993194385367929	34.028073160357295	0.0
131.0	32.081911262798634	20.0938566552901	18.600682593856654	29.223549488054605	0.0
132.0	29.3236301369863	19.648972602739725	21.660958904109588	29.36643835616438	0.0
133.0	30.46841426729695	21.186076493339062	19.295229909755047	29.05027932960894	0.0
134.0	26.42487046632124	20.552677029360964	20.164075993091537	32.858376511226254	0.0
135.0	28.943937418513688	18.383311603650586	19.947848761408082	32.724902216427644	0.0
136.0	25.49019607843137	18.736383442265794	21.568627450980394	34.20479302832244	0.0
137.0	28.62144420131291	17.72428884026258	18.7746170678337	34.879649890590805	0.0
138.0	29.080510338759346	17.289925208974925	20.72151341838979	32.908051033875935	0.0
139.0	27.545174085500218	20.05288673424416	19.568091670339356	32.83384750991626	0.0
140.0	29.36472678809418	17.54775655264327	20.70191026210573	32.38560639715682	0.0
141.0	31.951871657754012	18.048128342245988	20.276292335115865	29.723707664884135	0.0
142.0	30.214861235452105	15.264100268576545	19.11369740376007	35.40734109221128	0.0
143.0	31.98562443845463	19.40700808625337	17.969451931716083	30.63791554357592	0.0
144.0	31.63587201442091	17.75574583145561	17.620549797205946	32.98783235691753	0.0
145.0	29.900181488203266	18.103448275862068	20.281306715063522	31.715063520871144	0.0
146.0	28.16196542311192	18.51683348498635	20.74613284804368	32.575068243858055	0.0
147.0	30.077590141487903	18.986764034687358	19.214970333181196	31.72067549064354	0.0
148.0	26.838235294117645	20.542279411764707	20.450367647058822	32.169117647058826	0.0
149.0	30.808314087759815	19.81524249422633	17.090069284064665	32.286374133949195	0.0
150.0	27.710843373493976	20.52826691380908	18.67469879518072	33.08619091751622	0.0
151.0	28.68470149253731	18.19029850746269	20.8955223880597	32.2294776119403	0.0
152.0	28.65853658536585	20.637898686679172	17.354596622889307	33.348968105065666	0.0
153.0	31.420507996237063	18.908748824082785	19.614299153339605	30.056444026340547	0.0
154.0	32.34463276836158	16.854990583804145	20.29190207156309	30.508474576271187	0.0
155.0	30.387523629489603	20.604914933837428	17.20226843100189	31.805293005671075	0.0
156.0	30.813124108416545	16.024726581074656	19.591060389919164	33.57108892058963	0.0
157.0	31.883365200764818	17.82982791586998	19.50286806883365	30.78393881453155	0.0
158.0	29.725829725829726	22.7994227994228	16.065416065416066	31.409331409331408	0.0
159.0	33.73610439826003	15.2730787820203	20.589656839052683	30.401159980666986	0.0
160.0	26.896887159533073	19.892996108949415	21.74124513618677	31.46887159533074	0.0
161.0	28.662420382165603	20.333170014698677	20.67613914747673	30.32827045565899	0.0
162.0	30.51015354135711	18.573551263001487	21.29767211490837	29.618623080733038	0.0
163.0	29.895366218236173	17.090184354758346	16.99053313403089	36.02391629297459	0.0
164.0	30.930930930930934	15.565565565565564	22.62262262262262	30.88088088088088	0.0
165.0	29.793658782083543	19.325616507297433	22.14393558127831	28.736789129340718	0.0
166.0	27.612317011610298	19.93942453306411	18.62695608278647	33.82130237253912	0.0
167.0	26.117886178861788	20.528455284552845	22.459349593495933	30.89430894308943	0.0
168.0	27.07379134860051	18.727735368956743	22.188295165394404	32.01017811704834	0.0
169.0	28.264208909370197	17.255504352278546	19.71326164874552	34.76702508960574	0.0
170.0	31.069958847736622	16.820987654320987	18.878600823045268	33.23045267489712	0.0
171.0	30.165289256198346	18.90495867768595	17.923553719008265	33.00619834710744	0.0
172.0	29.68911917098446	21.606217616580313	15.751295336787566	32.95336787564767	0.0
173.0	27.92887029288703	18.253138075313807	21.02510460251046	32.7928870292887	0.0
174.0	28.654353562005277	20.844327176781004	19.525065963060687	30.976253298153033	0.0
175.0	26.85381355932203	17.902542372881356	20.921610169491526	34.32203389830508	0.0
176.0	28.96698615548456	20.447284345047922	17.625133120340788	32.960596379126734	0.0
177.0	28.785446762974853	22.632423756019264	18.138041733547354	30.444087747458532	0.0
178.0	28.44780962682531	21.09248242293131	19.14548404542996	31.314223904813414	0.0
179.0	26.83723462166576	18.889493739793142	23.135547087642898	31.137724550898206	0.0
180.0	30.45379989065063	15.472936030617824	20.448332422088573	33.62493165664298	0.0
181.0	29.049972542559033	19.000549148819328	20.53816584294344	31.411312465678197	0.0
182.0	34.368070953436806	17.516629711751662	19.17960088691796	28.93569844789357	0.0
183.0	30.56792873051225	22.884187082405344	20.322939866369712	26.224944320712694	0.0
184.0	30.246913580246915	20.033670033670035	20.089786756453424	29.629629629629626	0.0
185.0	26.944757609921083	20.067643742953777	23.562570462232244	29.4250281848929	0.0
186.0	30.181200453001132	17.27066817667044	22.02718006795017	30.520951302378258	0.0
187.0	29.321163719338276	20.422133485453507	18.53964632059327	31.717056474614946	0.0
188.0	29.037800687285227	20.56128293241695	20.16036655211913	30.240549828178693	0.0
189.0	29.073114565342546	18.07714450201497	20.437535981577433	32.41220495106506	0.0
190.0	29.704690214244355	19.745222929936308	19.281991893456862	31.26809496236248	0.0
191.0	27.86503781268179	20.593368237347295	19.313554392088424	32.22803955788249	0.0
192.0	31.591309453904877	20.434527304756312	21.080446271285965	26.89371697005285	0.0
193.0	31.075460487225193	17.76589423648247	21.449792038027333	29.708853238265004	0.0
194.0	28.417910447761198	20.65671641791045	22.925373134328357	28.000000000000004	0.0
195.0	28.243814121907064	20.3983101991551	20.03621001810501	31.32166566083283	0.0
196.0	29.695121951219512	19.634146341463417	19.878048780487806	30.79268292682927	0.0
197.0	30.735930735930733	18.985776128633272	20.346320346320347	29.931972789115648	0.0
198.0	27.560050568900124	23.072060682680153	20.733249051833123	28.6346396965866	0.0
199.0	27.646662171274443	23.46594740391099	18.27376938637896	30.6136210384356	0.0
200.0	27.143981117230524	15.892997639653817	20.928402832415422	36.03461841070023	0.0
201.0	30.842105263157894	19.473684210526315	19.36842105263158	30.315789473684212	0.0
202.0	35.970464135021096	15.50632911392405	18.88185654008439	29.64135021097046	0.0
203.0	32.41525423728814	16.843220338983052	19.491525423728813	31.25	0.0
204.0	34.32518597236982	16.47183846971307	24.12327311370882	25.07970244420829	0.0
205.0	33.86752136752137	16.025641025641026	24.358974358974358	25.747863247863243	0.0
206.0	29.63362068965517	19.073275862068968	19.181034482758623	32.112068965517246	0.0
207.0	27.342047930283226	22.004357298474943	17.538126361655774	33.11546840958606	0.0
208.0	26.695842450765866	20.0218818380744	18.599562363238512	34.68271334792122	0.0
209.0	21.75824175824176	21.0989010989011	21.0989010989011	36.043956043956044	0.0
210.0	28.761061946902654	18.47345132743363	18.805309734513273	33.96017699115044	0.0
211.0	29.431438127090303	20.28985507246377	19.175027870680044	31.103678929765888	0.0
212.0	27.415730337078653	16.629213483146067	22.02247191011236	33.93258426966292	0.0
213.0	28.425821064552657	20.385050962627407	19.25254813137033	31.936579841449603	0.0
214.0	28.896473265073947	28.441410693970422	16.040955631399317	26.621160409556317	0.0
215.0	31.14942528735632	23.218390804597703	16.7816091954023	28.850574712643677	0.0
216.0	28.32369942196532	19.537572254335263	18.265895953757223	33.872832369942195	0.0
217.0	26.321974148061106	19.506462984723854	22.91421856639248	31.25734430082256	0.0
218.0	25.211097708082026	17.73220747889023	19.903498190591073	37.15319662243667	0.0
219.0	18.098958333333336	23.307291666666664	24.479166666666664	34.11458333333333	0.0
220.0	0.20491803278688525	30.122950819672127	23.975409836065573	45.69672131147541	0.0
