# Position (bp)	A	C	G	T	N
0.0	26.34947547884735	23.794108314040493	24.045713234231037	25.81070297288112	0.0
1.0	27.01023881813283	20.810674808151248	15.986357004849966	36.192729368865955	0.0
2.0	29.356665003283588	19.955471647954546	17.641698272822612	33.04616507593926	0.0
3.0	23.522232652288192	22.82725990028807	15.07102612140259	38.579481326021146	0.0
4.0	34.59733491584552	13.181414415312231	15.080823169089513	37.14042749975273	0.0
5.0	35.11893100583002	14.930027780217273	23.79922431568415	26.15181689826856	0.0
6.0	31.71654653228429	17.451100743436456	21.20995929760933	29.622393426669923	0.0
7.0	35.42650442254527	17.327385441375405	20.320702788482485	26.925407347596842	0.0
8.0	22.600532052733904	27.267055232417952	22.950980555887586	27.18143215896056	0.0
9.0	27.742626385980106	18.715312381606818	15.560656619950834	37.981404612462235	0.0
10.0	26.90771228770854	16.79856022634665	25.420820611686135	30.872906874258675	0.0
11.0	28.039257888328223	18.972481836293113	19.430751987504248	33.55750828787441	0.0
12.0	25.923150148494017	20.239883464050976	20.85784074108337	32.979125646371635	0.0
13.0	26.488491361977314	21.1471727966695	19.39483645767794	32.96949938367525	0.0
14.0	30.738495724757193	18.675118512804335	20.277412753315666	30.30897300912281	0.0
15.0	29.498828241765935	18.911628093750416	20.38296387937261	31.206579785111042	0.0
16.0	29.64423547302198	18.25766146366855	18.723475002021893	33.37462806128758	0.0
17.0	30.439406053962237	17.876044885780544	19.990276161151517	31.694272899105698	0.0
18.0	32.03207403177718	17.96634035575139	19.343777859633327	30.657807752838107	0.0
19.0	30.24290269537232	18.731506269924534	20.144165011781382	30.881426022921765	0.0
20.0	29.694224486322547	18.132238578945955	20.427867673977808	31.74566926075369	0.0
21.0	29.19118189301863	19.044050190920878	20.299404916824773	31.46536299923572	0.0
22.0	30.14639612802817	18.889054226257702	22.983762390060292	27.980787255653834	0.0
23.0	29.844679406984685	20.385590929621138	21.438437610652763	28.331292052741414	0.0
24.0	33.25100658244969	19.579536854794114	17.79182916067058	29.377627402085615	0.0
25.0	29.702649811762466	21.028467654725286	19.824847054072762	29.444035479439485	0.0
26.0	31.869722326418128	16.60397086150923	22.67442722329608	28.851879588776562	0.0
27.0	26.34794417368105	21.125311985672816	25.080148488385905	27.44659535226023	0.0
28.0	27.133920078751462	19.932405997105366	19.126670921237093	33.807003002906086	0.0
29.0	28.12150332575179	20.559145127825698	17.471085089969904	33.848266456452606	0.0
30.0	26.633117470179574	19.15852841149805	16.07878510157046	38.129569016751915	0.0
31.0	34.72161331095431	14.512742446467508	18.68689754319153	32.07874669938665	0.0
32.0	34.51957079203626	15.590840521189234	22.857846834176502	27.031741852598003	0.0
33.0	31.50512594998951	17.60135947853298	21.10840609609881	29.785108475378696	0.0
34.0	33.10875317207168	16.73922084436659	22.22519265887113	27.9268333246906	0.0
35.0	27.035209751106937	20.287374586825983	25.56650237103914	27.110913291027945	0.0
