# Position (bp)	A	C	G	T	N
0.0	34.02061855670103	18.900343642611684	18.900343642611684	28.1786941580756	0.0
1.0	20.962199312714777	30.584192439862544	29.20962199312715	19.243986254295535	0.0
2.0	32.5503355704698	19.463087248322147	19.463087248322147	28.523489932885905	0.0
3.0	31.22923588039867	20.26578073089701	20.59800664451827	27.906976744186046	0.0
4.0	34.55149501661129	17.940199335548172	16.943521594684384	30.564784053156146	0.0
5.0	30.564784053156146	17.275747508305646	20.59800664451827	31.561461794019934	0.0
6.0	31.456953642384107	18.874172185430464	21.192052980132452	28.47682119205298	0.0
7.0	31.788079470198678	23.178807947019866	17.880794701986755	27.1523178807947	0.0
8.0	33.11258278145696	19.867549668874172	19.205298013245034	27.81456953642384	0.0
9.0	32.450331125827816	18.874172185430464	18.211920529801322	30.4635761589404	0.0
10.0	29.042904290429046	17.82178217821782	18.81188118811881	34.32343234323432	0.0
11.0	27.722772277227726	16.5016501650165	21.122112211221122	34.65346534653465	0.0
12.0	25.412541254125415	19.471947194719473	21.45214521452145	33.663366336633665	0.0
13.0	30.033003300330037	16.17161716171617	22.772277227722775	31.02310231023102	0.0
14.0	27.722772277227726	21.122112211221122	23.1023102310231	28.052805280528055	0.0
15.0	24.422442244224424	22.112211221122113	24.09240924092409	29.372937293729372	0.0
16.0	27.062706270627064	19.141914191419144	21.782178217821784	32.01320132013201	0.0
17.0	32.01320132013201	17.491749174917494	21.45214521452145	29.042904290429046	0.0
18.0	25.082508250825082	22.442244224422442	23.762376237623762	28.71287128712871	0.0
19.0	26.732673267326735	23.1023102310231	21.122112211221122	29.042904290429046	0.0
20.0	28.052805280528055	22.112211221122113	19.801980198019802	30.033003300330037	0.0
21.0	25.986842105263158	20.065789473684212	20.394736842105264	33.55263157894737	0.0
22.0	24.013157894736842	21.052631578947366	22.36842105263158	32.56578947368421	0.0
23.0	29.605263157894733	18.421052631578945	20.394736842105264	31.57894736842105	0.0
24.0	26.973684210526315	16.776315789473685	21.710526315789476	34.53947368421053	0.0
25.0	28.618421052631575	20.723684210526315	18.421052631578945	32.23684210526316	0.0
26.0	29.276315789473685	18.092105263157894	17.763157894736842	34.868421052631575	0.0
27.0	24.013157894736842	25.0	14.473684210526317	36.51315789473684	0.0
28.0	31.57894736842105	16.447368421052634	11.842105263157894	40.131578947368425	0.0
29.0	33.55263157894737	17.763157894736842	16.11842105263158	32.56578947368421	0.0
30.0	29.93421052631579	19.736842105263158	13.157894736842104	37.17105263157895	0.0
31.0	33.55263157894737	15.131578947368421	19.407894736842106	31.907894736842106	0.0
32.0	32.56578947368421	18.75	15.131578947368421	33.55263157894737	0.0
33.0	32.23684210526316	21.710526315789476	16.11842105263158	29.93421052631579	0.0
34.0	32.56578947368421	19.078947368421055	20.394736842105264	27.960526315789476	0.0
35.0	30.592105263157894	20.394736842105264	16.11842105263158	32.89473684210527	0.0
36.0	29.605263157894733	15.460526315789474	17.763157894736842	37.17105263157895	0.0
37.0	26.973684210526315	21.710526315789476	22.039473684210524	29.276315789473685	0.0
38.0	25.986842105263158	23.026315789473685	16.776315789473685	34.21052631578947	0.0
39.0	29.93421052631579	19.078947368421055	14.802631578947366	36.18421052631579	0.0
40.0	30.592105263157894	16.447368421052634	19.407894736842106	33.55263157894737	0.0
41.0	28.947368421052634	16.11842105263158	23.684210526315788	31.25	0.0
42.0	30.92105263157895	18.092105263157894	21.710526315789476	29.276315789473685	0.0
43.0	30.592105263157894	17.763157894736842	20.065789473684212	31.57894736842105	0.0
44.0	30.592105263157894	19.078947368421055	15.789473684210526	34.53947368421053	0.0
45.0	30.592105263157894	15.460526315789474	23.026315789473685	30.92105263157895	0.0
46.0	32.56578947368421	16.447368421052634	22.36842105263158	28.618421052631575	0.0
47.0	32.56578947368421	14.473684210526317	22.36842105263158	30.592105263157894	0.0
48.0	22.36842105263158	21.052631578947366	20.394736842105264	36.18421052631579	0.0
49.0	30.263157894736842	16.11842105263158	17.434210526315788	36.18421052631579	0.0
50.0	26.644736842105267	24.342105263157894	17.105263157894736	31.907894736842106	0.0
51.0	25.657894736842106	19.078947368421055	16.776315789473685	38.48684210526316	0.0
52.0	28.947368421052634	16.447368421052634	19.407894736842106	35.19736842105263	0.0
53.0	29.276315789473685	17.434210526315788	21.38157894736842	31.907894736842106	0.0
54.0	26.973684210526315	24.342105263157894	16.11842105263158	32.56578947368421	0.0
55.0	30.592105263157894	19.078947368421055	17.434210526315788	32.89473684210527	0.0
56.0	31.25	15.789473684210526	20.723684210526315	32.23684210526316	0.0
57.0	31.57894736842105	17.763157894736842	21.052631578947366	29.605263157894733	0.0
58.0	31.907894736842106	17.763157894736842	18.421052631578945	31.907894736842106	0.0
59.0	28.618421052631575	17.434210526315788	23.026315789473685	30.92105263157895	0.0
60.0	24.342105263157894	21.38157894736842	21.710526315789476	32.56578947368421	0.0
61.0	29.93421052631579	16.11842105263158	19.407894736842106	34.53947368421053	0.0
62.0	32.56578947368421	22.36842105263158	18.421052631578945	26.644736842105267	0.0
63.0	34.21052631578947	18.092105263157894	18.421052631578945	29.276315789473685	0.0
64.0	30.592105263157894	17.434210526315788	21.38157894736842	30.592105263157894	0.0
65.0	29.93421052631579	17.434210526315788	20.723684210526315	31.907894736842106	0.0
66.0	28.289473684210524	15.460526315789474	25.32894736842105	30.92105263157895	0.0
67.0	31.25	17.434210526315788	17.763157894736842	33.55263157894737	0.0
68.0	22.697368421052634	19.407894736842106	20.394736842105264	37.5	0.0
69.0	29.605263157894733	17.763157894736842	20.723684210526315	31.907894736842106	0.0
70.0	26.31578947368421	23.026315789473685	18.75	31.907894736842106	0.0
71.0	30.263157894736842	18.421052631578945	21.710526315789476	29.605263157894733	0.0
72.0	26.644736842105267	18.421052631578945	22.36842105263158	32.56578947368421	0.0
73.0	27.960526315789476	19.736842105263158	21.710526315789476	30.592105263157894	0.0
74.0	30.263157894736842	15.789473684210526	22.36842105263158	31.57894736842105	0.0
75.0	28.618421052631575	15.460526315789474	26.31578947368421	29.605263157894733	0.0
76.0	27.302631578947366	21.052631578947366	16.447368421052634	35.19736842105263	0.0
77.0	26.973684210526315	21.052631578947366	17.763157894736842	34.21052631578947	0.0
78.0	27.960526315789476	21.38157894736842	19.407894736842106	31.25	0.0
79.0	31.57894736842105	18.421052631578945	18.092105263157894	31.907894736842106	0.0
80.0	32.56578947368421	16.776315789473685	21.710526315789476	28.947368421052634	0.0
81.0	24.013157894736842	21.710526315789476	15.131578947368421	39.14473684210527	0.0
82.0	30.92105263157895	14.144736842105262	23.684210526315788	31.25	0.0
83.0	32.01320132013201	17.16171617161716	22.772277227722775	28.052805280528055	0.0
84.0	27.722772277227726	16.5016501650165	18.151815181518153	37.62376237623762	0.0
85.0	30.033003300330037	17.16171617161716	22.112211221122113	30.693069306930692	0.0
86.0	32.01320132013201	17.491749174917494	21.782178217821784	28.71287128712871	0.0
87.0	32.67326732673268	19.141914191419144	20.792079207920793	27.39273927392739	0.0
88.0	35.64356435643564	14.521452145214523	18.48184818481848	31.353135313531354	0.0
89.0	32.34323432343234	12.871287128712872	21.122112211221122	33.663366336633665	0.0
90.0	31.02310231023102	14.19141914191419	20.13201320132013	34.65346534653465	0.0
91.0	29.7029702970297	17.82178217821782	15.51155115511551	36.96369636963696	0.0
92.0	33.003300330033	15.841584158415841	15.51155115511551	35.64356435643564	0.0
93.0	31.02310231023102	21.122112211221122	16.5016501650165	31.353135313531354	0.0
94.0	32.34323432343234	19.801980198019802	19.141914191419144	28.71287128712871	0.0
95.0	31.683168316831683	16.831683168316832	19.471947194719473	32.01320132013201	0.0
96.0	29.042904290429046	18.48184818481848	18.151815181518153	34.32343234323432	0.0
97.0	29.372937293729372	19.141914191419144	19.471947194719473	32.01320132013201	0.0
98.0	33.33333333333333	19.471947194719473	15.841584158415841	31.353135313531354	0.0
99.0	30.363036303630363	18.151815181518153	20.13201320132013	31.353135313531354	0.0
100.0	34.21926910299003	16.943521594684384	19.601328903654487	29.2358803986711	0.0
101.0	33.78378378378378	18.243243243243242	21.283783783783782	26.68918918918919	0.0
102.0	26.351351351351347	17.905405405405407	21.283783783783782	34.45945945945946	0.0
103.0	28.37837837837838	17.905405405405407	19.256756756756758	34.45945945945946	0.0
104.0	26.68918918918919	16.554054054054053	18.91891891891892	37.83783783783784	0.0
105.0	29.591836734693878	18.027210884353742	23.12925170068027	29.25170068027211	0.0
106.0	32.6530612244898	19.387755102040817	17.687074829931973	30.272108843537417	0.0
107.0	32.76450511945392	18.43003412969283	17.747440273037544	31.058020477815703	0.0
108.0	35.051546391752574	17.18213058419244	16.151202749140893	31.615120274914087	0.0
109.0	28.620689655172416	19.310344827586206	20.0	32.068965517241374	0.0
110.0	24.82758620689655	18.620689655172416	21.379310344827587	35.172413793103445	0.0
111.0	31.379310344827587	15.862068965517242	18.96551724137931	33.793103448275865	0.0
112.0	28.125	19.09722222222222	19.444444444444446	33.33333333333333	0.0
113.0	31.818181818181817	16.783216783216783	17.482517482517483	33.91608391608392	0.0
114.0	34.03508771929825	13.333333333333334	20.0	32.631578947368425	0.0
115.0	24.822695035460992	21.98581560283688	19.148936170212767	34.04255319148936	0.0
116.0	25.71428571428571	15.714285714285714	17.142857142857142	41.42857142857143	0.0
117.0	32.25806451612903	20.43010752688172	17.921146953405017	29.39068100358423	0.0
118.0	27.956989247311824	17.20430107526882	21.50537634408602	33.33333333333333	0.0
119.0	24.014336917562723	18.996415770609318	28.673835125448026	28.31541218637993	0.0
120.0	25.899280575539567	20.863309352517987	25.539568345323744	27.697841726618705	0.0
121.0	29.856115107913666	21.58273381294964	19.784172661870503	28.776978417266186	0.0
122.0	25.454545454545453	21.454545454545453	20.363636363636363	32.72727272727273	0.0
123.0	36.162361623616235	13.284132841328415	17.343173431734318	33.210332103321036	0.0
124.0	28.782287822878228	20.66420664206642	18.081180811808117	32.47232472324723	0.0
125.0	24.444444444444443	19.25925925925926	18.88888888888889	37.407407407407405	0.0
126.0	32.96296296296296	15.555555555555555	16.666666666666664	34.81481481481482	0.0
127.0	25.37313432835821	19.402985074626866	24.62686567164179	30.597014925373134	0.0
128.0	29.69924812030075	21.804511278195488	17.669172932330827	30.82706766917293	0.0
129.0	29.166666666666668	17.045454545454543	19.696969696969695	34.090909090909086	0.0
130.0	31.1787072243346	21.673003802281368	11.787072243346007	35.361216730038024	0.0
131.0	30.418250950570343	21.673003802281368	18.631178707224336	29.277566539923956	0.0
132.0	26.61596958174905	17.870722433460077	26.61596958174905	28.89733840304182	0.0
133.0	29.118773946360154	21.455938697318008	19.54022988505747	29.88505747126437	0.0
134.0	19.54022988505747	20.689655172413794	21.0727969348659	38.69731800766284	0.0
135.0	27.34375	14.453125	21.875	36.328125	0.0
136.0	27.165354330708663	20.078740157480315	20.078740157480315	32.677165354330704	0.0
137.0	27.66798418972332	13.043478260869565	22.134387351778656	37.15415019762846	0.0
138.0	22.134387351778656	20.948616600790515	19.367588932806324	37.54940711462451	0.0
139.0	31.225296442687743	16.600790513833992	19.76284584980237	32.41106719367589	0.0
140.0	27.88844621513944	17.52988047808765	22.709163346613543	31.872509960159363	0.0
141.0	32.0	15.6	22.8	29.599999999999998	0.0
142.0	35.08064516129033	15.32258064516129	18.14516129032258	31.451612903225808	0.0
143.0	34.41295546558704	19.838056680161944	17.408906882591094	28.34008097165992	0.0
144.0	32.52032520325203	20.73170731707317	14.634146341463413	32.113821138211385	0.0
145.0	32.52032520325203	14.634146341463413	19.10569105691057	33.739837398373986	0.0
146.0	30.327868852459016	19.672131147540984	17.62295081967213	32.37704918032787	0.0
147.0	28.21576763485477	19.08713692946058	19.08713692946058	33.60995850622407	0.0
148.0	26.970954356846473	21.16182572614108	19.08713692946058	32.780082987551864	0.0
149.0	27.385892116182575	24.066390041493776	17.012448132780083	31.535269709543567	0.0
150.0	22.821576763485478	21.16182572614108	21.16182572614108	34.85477178423236	0.0
151.0	28.691983122362867	20.253164556962027	23.20675105485232	27.848101265822784	0.0
152.0	25.106382978723403	17.4468085106383	15.74468085106383	41.702127659574465	0.0
153.0	32.05128205128205	17.094017094017094	21.367521367521366	29.48717948717949	0.0
154.0	33.047210300429185	12.875536480686694	19.742489270386265	34.33476394849785	0.0
155.0	27.896995708154503	21.888412017167383	16.30901287553648	33.90557939914164	0.0
156.0	35.064935064935064	16.450216450216452	17.74891774891775	30.735930735930733	0.0
157.0	35.21739130434783	20.869565217391305	19.565217391304348	24.347826086956523	0.0
158.0	30.701754385964914	23.684210526315788	13.596491228070176	32.01754385964912	0.0
159.0	37.94642857142857	11.160714285714286	19.196428571428573	31.69642857142857	0.0
160.0	26.905829596412556	17.040358744394617	26.905829596412556	29.14798206278027	0.0
161.0	30.180180180180184	18.91891891891892	27.47747747747748	23.423423423423422	0.0
162.0	37.38738738738739	19.81981981981982	18.91891891891892	23.873873873873876	0.0
163.0	31.65137614678899	17.431192660550458	19.724770642201836	31.19266055045872	0.0
164.0	29.493087557603687	15.207373271889402	20.276497695852534	35.02304147465438	0.0
165.0	27.314814814814813	18.51851851851852	23.61111111111111	30.555555555555557	0.0
166.0	28.240740740740737	19.90740740740741	21.75925925925926	30.09259259259259	0.0
167.0	28.037383177570092	16.355140186915886	23.364485981308412	32.242990654205606	0.0
168.0	25.238095238095237	22.380952380952383	17.142857142857142	35.23809523809524	0.0
169.0	28.57142857142857	18.095238095238095	17.61904761904762	35.714285714285715	0.0
170.0	28.846153846153843	17.78846153846154	18.75	34.61538461538461	0.0
171.0	29.126213592233007	16.019417475728158	19.41747572815534	35.43689320388349	0.0
172.0	29.268292682926827	23.414634146341466	18.048780487804876	29.268292682926827	0.0
173.0	29.064039408866993	17.733990147783253	18.226600985221676	34.97536945812808	0.0
174.0	39.603960396039604	15.841584158415841	16.33663366336634	28.217821782178216	0.0
175.0	25.37313432835821	15.92039800995025	28.35820895522388	30.34825870646766	0.0
176.0	30.0	13.5	16.5	40.0	0.0
177.0	30.456852791878177	18.781725888324875	18.274111675126903	32.48730964467005	0.0
178.0	28.57142857142857	19.897959183673468	18.367346938775512	33.16326530612245	0.0
179.0	23.711340206185564	20.103092783505154	25.257731958762886	30.927835051546392	0.0
180.0	30.569948186528496	14.507772020725387	19.689119170984455	35.233160621761655	0.0
181.0	25.38860103626943	21.243523316062177	17.098445595854923	36.26943005181347	0.0
182.0	37.82383419689119	12.953367875647666	21.761658031088082	27.461139896373055	0.0
183.0	34.375	23.4375	16.666666666666664	25.520833333333332	0.0
184.0	36.84210526315789	18.421052631578945	16.842105263157894	27.89473684210526	0.0
185.0	30.158730158730158	19.576719576719576	28.04232804232804	22.22222222222222	0.0
186.0	32.25806451612903	15.053763440860216	23.118279569892472	29.56989247311828	0.0
187.0	32.065217391304344	23.91304347826087	15.760869565217392	28.26086956521739	0.0
188.0	32.78688524590164	15.846994535519126	18.0327868852459	33.33333333333333	0.0
189.0	30.386740331491712	22.099447513812155	19.88950276243094	27.624309392265197	0.0
190.0	33.33333333333333	13.88888888888889	19.444444444444446	33.33333333333333	0.0
191.0	24.022346368715084	20.11173184357542	23.463687150837988	32.402234636871505	0.0
192.0	30.857142857142854	24.0	16.0	29.142857142857142	0.0
193.0	24.71264367816092	20.689655172413794	22.413793103448278	32.18390804597701	0.0
194.0	26.589595375722542	19.07514450867052	23.121387283236995	31.213872832369944	0.0
195.0	26.16279069767442	22.674418604651162	22.093023255813954	29.069767441860467	0.0
196.0	29.239766081871345	22.807017543859647	17.543859649122805	30.409356725146196	0.0
197.0	30.17751479289941	19.526627218934912	20.118343195266274	30.17751479289941	0.0
198.0	31.05590062111801	18.633540372670808	17.391304347826086	32.91925465838509	0.0
199.0	26.623376623376622	26.623376623376622	18.181818181818183	28.57142857142857	0.0
200.0	26.76056338028169	19.014084507042252	19.718309859154928	34.50704225352113	0.0
201.0	37.6	19.2	12.0	31.2	0.0
202.0	41.6	16.0	16.0	26.400000000000002	0.0
203.0	32.800000000000004	19.2	20.0	28.000000000000004	0.0
204.0	33.6	14.399999999999999	24.8	27.200000000000003	0.0
205.0	40.65040650406504	12.195121951219512	24.390243902439025	22.76422764227642	0.0
206.0	30.0	21.666666666666668	20.0	28.333333333333332	0.0
207.0	25.64102564102564	27.350427350427353	12.82051282051282	34.18803418803419	0.0
208.0	28.695652173913043	19.130434782608695	19.130434782608695	33.04347826086956	0.0
209.0	22.123893805309734	26.548672566371685	19.469026548672566	31.858407079646017	0.0
210.0	27.927927927927925	18.91891891891892	15.315315315315313	37.83783783783784	0.0
211.0	36.36363636363637	20.0	18.181818181818183	25.454545454545453	0.0
212.0	31.19266055045872	11.926605504587156	24.770642201834864	32.11009174311927	0.0
213.0	26.605504587155966	18.34862385321101	15.59633027522936	39.44954128440367	0.0
214.0	28.440366972477065	21.100917431192663	22.018348623853214	28.440366972477065	0.0
215.0	32.407407407407405	21.296296296296298	12.962962962962962	33.33333333333333	0.0
216.0	31.48148148148148	17.59259259259259	20.37037037037037	30.555555555555557	0.0
217.0	25.71428571428571	19.047619047619047	24.761904761904763	30.476190476190478	0.0
218.0	24.271844660194176	14.563106796116504	23.300970873786408	37.86407766990291	0.0
219.0	18.88888888888889	24.444444444444443	27.77777777777778	28.888888888888886	0.0
220.0	0.0	30.18867924528302	28.30188679245283	41.509433962264154	0.0
