# Position (bp)	A	C	G	T	N
0.0	26.543059069889193	24.1357647674723	24.85297967018585	24.468196492452666	0.0
1.0	26.975857136665077	20.56261107017468	16.176151878982274	36.283646135841536	0.0017337783364396863
2.0	28.277034021116553	20.11852184114278	17.547098198882065	34.0573459388586	0.0
3.0	24.177201067600386	21.618049655432834	16.22941393544622	37.97533534152056	0.0
4.0	33.31770442610652	16.02758644206506	14.713905749164564	35.93909841096638	0.0017049716974698221
5.0	34.89425725068852	15.288497500935025	21.860018360477373	27.954676821597364	0.002550066301723845
6.0	31.23547064542035	17.00156388689294	22.300181749017288	29.462783718669428	0.0
7.0	35.06435564385107	17.804079364945746	20.026432533903513	27.104290656856882	8.418004427870329E-4
8.0	25.188358321784047	26.512956196715802	21.18516651967578	27.11351896182437	0.0
9.0	27.381002306563225	20.052841266512896	16.977144055357517	35.58901237156636	0.0
10.0	26.54971054196932	17.4093715702784	24.978845686614555	31.058721022779633	0.0033511783580901632
11.0	26.951339950787567	20.108468221154652	20.978892218074687	31.961299609983097	0.0
12.0	26.81205472120949	20.74622871860053	20.913469578887515	31.52824698130247	0.0
13.0	26.41545683879914	21.855422089312864	19.775464857911356	31.953656213976643	0.0
14.0	30.222864493710013	20.07534624187647	20.20983343635665	29.49195582805687	0.0
15.0	29.64064353375545	18.88166797534123	19.975107339158328	31.50258115174499	0.0
16.0	29.783483970128806	18.337036603905975	19.941694371585612	31.937785054379603	0.0
17.0	29.946372187045796	18.867467464122825	21.426900780192792	29.758424244449273	8.353241893178742E-4
18.0	32.10484989224318	18.200043436857843	18.514960656230684	31.179310690478975	8.353241893178742E-4
19.0	31.120837997226726	19.685249845465023	20.11544180296373	29.07847035434452	0.0
20.0	29.501979718328684	17.834171441936615	21.83119768782264	30.831815827722743	8.353241893178742E-4
21.0	28.80281337186962	18.0764154568388	19.78047680304726	33.340294368244315	0.0
22.0	27.98586631471674	19.28262358621381	21.425230131814157	31.30627996725529	0.0
23.0	29.931336351638073	17.54932589337922	20.693486141971697	31.82501628882169	8.353241893178742E-4
24.0	30.849357635698414	17.996224334664284	19.366156005145598	31.787426700302383	8.353241893178742E-4
25.0	28.945653808242977	18.2167499206442	19.79384199007635	33.04375428103647	0.0
26.0	29.736705815527003	17.57438561905876	21.857928061880816	30.829309855154786	0.0016706483786357485
27.0	29.2037689827422	18.017942763586547	20.386086840302724	32.392201413368525	0.0
28.0	29.90878259852649	17.89849140451409	20.817949446180062	31.371435254022085	0.003341296757271497
29.0	30.271819032344293	18.464314354450682	19.016472868217054	32.24655840684309	8.353381448810478E-4
30.0	29.73081357461527	17.72687018564005	19.747857035440372	32.79445920430431	0.0
31.0	30.44440916724456	17.773024639267422	20.169274858589485	31.613291334898523	0.0
32.0	28.341021526942107	19.707681508223025	19.289844899050674	32.65978071934751	0.001671346436689397
33.0	30.00560055504008	17.553142580100474	19.915406541782648	32.525850323076796	0.0
34.0	29.026863874651976	18.912569082715315	19.320585604040033	32.739145339163734	8.360994289440901E-4
35.0	30.538595726122985	17.48129759468617	20.04763661981281	31.932470059378037	0.0
36.0	31.382621541767392	18.334508460918613	18.71726430298147	31.565605694332525	0.0
37.0	28.802964232601518	20.568144581957505	19.113754946689184	31.515136238751793	0.0
38.0	30.978580923056214	18.308851984587687	19.879528208234483	30.833038884121617	0.0
39.0	30.940464755742042	18.505973745850397	19.059535244257958	31.494026254149603	0.0
40.0	28.92971637864677	20.426151022238013	19.855186472792482	30.788946126322735	0.0
41.0	29.794942888490095	17.448990874065508	20.78552778179406	31.97053845565034	0.0
42.0	27.791611945898925	19.371151779775204	20.763759785778856	32.072623697361465	8.527911855503062E-4
43.0	30.29426860564585	18.602224123182207	21.012831479897347	30.090675791274595	0.0
44.0	28.69606204739255	19.541500621330936	20.659896302009685	31.1016840210824	8.570081844281613E-4
45.0	30.40913072602669	18.602394325071707	20.00480926126312	30.983665687638478	0.0
46.0	29.91576538206723	17.873398552782152	19.921185995887218	32.288789654371335	8.604148920609518E-4
47.0	30.861761436585013	19.590187242035967	19.01631151284327	30.531739808535757	0.0
48.0	29.292136188717667	18.95804931922898	19.274707070009836	32.47510742204352	0.0
49.0	27.366920152091257	19.93086761147598	20.928102315935014	31.77410992049775	0.0
50.0	28.930566985749557	18.97518083770087	19.212543855849614	32.87997574392516	0.0017325767748083336
51.0	30.534975129569723	18.22237295210268	18.80326272218164	32.43938919614595	0.0
52.0	28.548977150690195	18.461054892476405	21.159840395344574	31.83012756148883	0.0
53.0	30.2513567301707	18.954769816151007	20.005084998378063	30.788788455300235	0.0
54.0	30.284211359658	19.311594521608335	19.56756946948972	30.835745010247795	8.796389961559777E-4
55.0	28.782796002683707	19.48162011370458	18.761255694056995	32.97432818955471	0.0
56.0	30.560818827362716	18.20934639018257	21.384427405216837	29.845407377237876	0.0
57.0	27.34865227077065	19.74421102146959	19.789475552715427	33.11766115504433	0.0
58.0	30.10536432563272	17.622717402911757	22.449542590680952	29.82237568077457	0.0
59.0	27.682390021339476	21.670729202939313	22.275198885704338	28.37078902490201	8.928651148670969E-4
60.0	30.737995141584275	19.289344651708962	20.746869369571257	29.224894450470156	8.963866653519662E-4
61.0	29.343458912130878	20.985352143127397	19.73767183755833	29.93171540277102	0.001801704412374106
62.0	30.798934029477348	15.971429089392869	22.282953536012762	30.944870470078495	0.0018128750385235945
63.0	25.531526432542474	21.081219247236245	25.12711903088285	28.260135289338432	0.0
64.0	26.224632610216936	21.411734374424515	18.57298073735774	33.78788994880483	0.0027623291959780485
65.0	27.636960574274504	19.616408372981645	19.27510827930961	33.47152277343424	0.0
66.0	27.403011812125623	18.851816604153836	18.8182276213402	34.92041277127769	0.006531191102651664
67.0	33.263217203493284	14.663348671236736	18.234576016527374	33.83697999812189	0.00187811062071556
68.0	34.227816716731034	16.395365469889857	22.55089877461498	26.82496543174558	9.536070185476566E-4
69.0	32.32225164263999	17.0304991664215	20.729626360694322	29.917622830244188	0.0
70.0	31.271325666624545	17.055267702936096	24.697754749568222	26.975651880871137	0.0
71.0	24.969024403383074	20.9731724397996	25.21144211603728	28.846361040780046	0.0
