# Position (bp)	A	C	G	T	N
0.0	33.57238906320036	17.271776482892573	22.99417301658449	26.161661437322575	0.0
1.0	24.279097564619754	24.742268041237114	24.996264754220828	25.98236963992231	0.0
2.0	30.65259402408206	20.64813438382637	17.80883008770626	30.890441504385315	0.0
3.0	30.771513353115726	19.554896142433233	21.097922848664687	28.57566765578635	0.0
4.0	31.345497700637885	18.528408248034417	18.765761756415962	31.360332294911736	0.0
5.0	28.26635028918879	20.03559246626131	18.700874981462256	32.99718226308765	0.0
6.0	27.95491620940234	21.48895150526472	20.53981907162984	30.0163132137031	0.0
7.0	32.15238659946635	19.700563296768454	18.42573376815891	29.721316335606286	0.0
8.0	31.529795434331454	18.825970945745627	19.18173732582271	30.462496294100205	0.0
9.0	29.0308239478364	19.531713100177832	19.22050978067576	32.21695317131002	0.0
10.0	26.24018954538724	16.540796682955726	21.16096549681623	36.05804827484081	0.0
11.0	26.99822380106572	18.709295441089402	19.58259325044405	34.70988750740083	0.0
12.0	27.42197899718977	18.222156485726966	19.997041857713356	34.35882265936991	0.0
13.0	28.816314467267624	19.639426629230087	20.570415250480274	30.97384365302202	0.0
14.0	27.503692762186116	18.81831610044313	23.116691285081238	30.561299852289515	0.0
15.0	26.999114783121865	19.44526408970198	21.658306285039835	31.897314842136325	0.0
16.0	25.899705014749262	19.778761061946902	20.575221238938052	33.74631268436578	0.0
17.0	29.062223532881156	19.21262164553229	20.451194337953407	31.273960483633147	0.0
18.0	26.79150693010911	20.053081686818047	20.42170451194338	32.733706871129456	0.0
19.0	28.73359870263895	22.46793454223795	18.914934394810558	29.883532360312547	0.0
20.0	27.014287818529976	19.516865517749302	19.664162615996464	33.80468404772426	0.0
21.0	26.93949654055646	19.843957014573828	22.052112468717798	31.164433976151923	0.0
22.0	28.59034726309594	18.98175397292525	21.18893466745144	31.238964096527365	0.0
23.0	27.35432607416127	19.099470276633312	19.261330194231903	34.284873454973514	0.0
24.0	30.269157229004268	16.914252095896458	19.546992204735993	33.269598470363285	0.0
25.0	29.33823529411765	17.61764705882353	19.35294117647059	33.69117647058823	0.0
26.0	32.09350191120259	17.127315495442517	17.362540429285502	33.416642164069394	0.0
27.0	28.09054828752021	18.40364545053653	17.639276789651625	35.86652947229164	0.0
28.0	27.660199882422106	19.841269841269842	16.402116402116402	36.096413874191654	0.0
29.0	30.962527553269652	16.267450404114623	16.576047024246876	36.193975018368846	0.0
30.0	29.907366563740627	18.232612851051318	18.511983531833554	33.348037053374505	0.0
31.0	31.96058243859391	15.561111928224738	18.69392557729078	33.78438005589057	0.0
32.0	29.605650382577984	18.26074161271336	17.304296645085344	34.82931135962331	0.0
33.0	29.698307579102277	20.382634289919057	18.05739514348786	31.861662987490803	0.0
34.0	29.167891796530434	18.391649514848574	20.36165833578359	32.0788003528374	0.0
35.0	27.21789024569663	20.62674709430631	18.640576725025745	33.51478593497131	0.0
36.0	28.6281429201588	15.659461843846492	18.967798853109837	36.74459638288487	0.0
37.0	31.5	19.36764705882353	19.191176470588236	29.94117647058824	0.0
38.0	30.19561700250037	19.8999852919547	16.693631416384765	33.21076628916017	0.0
39.0	32.38627999411158	17.724127778595612	17.66524363315177	32.22434859414103	0.0
40.0	27.74260050066264	20.055956412899427	20.35046384921219	31.85097923722574	0.0
41.0	28.497790868924888	16.435935198821795	23.549337260677465	31.516936671575845	0.0
42.0	32.076027700014734	17.268307057610137	19.93517017828201	30.720495064093118	0.0
43.0	32.713864306784664	18.657817109144542	18.03834808259587	30.589970501474927	0.0
44.0	31.98996161795099	19.678181281369945	16.415707115441393	31.916149985237674	0.0
45.0	32.37680288461539	16.947115384615387	18.659855769230766	32.01622596153847	0.0
46.0	31.053186680729244	16.965496459243635	18.577670634322736	33.403646225704385	0.0
47.0	30.77503015681544	18.27503015681544	18.65199034981906	32.29794933655006	0.0
48.0	28.77394058211431	17.97617252299804	17.930930478057608	35.31895641683004	0.0
49.0	29.450814725407366	18.452021726010866	19.43270971635486	32.66445383222691	0.0
50.0	27.95715147857574	20.458660229330114	19.31200965600483	32.272178636089315	0.0
51.0	28.853993658462933	18.571644269968292	18.87362222557753	33.70073984599124	0.0
52.0	27.82227595587124	18.07465618860511	20.371769684146894	33.73129817137676	0.0
53.0	30.8587843967342	19.262171152101605	19.39824614454188	30.480798306622315	0.0
54.0	28.55844942459116	22.35009085402786	18.670502725620835	30.420956995760147	0.0
55.0	28.657982429566797	18.94880339291124	19.28203574674341	33.11117843077855	0.0
56.0	28.233868524689488	19.26688882156922	18.79733414116934	33.70190851257195	0.0
57.0	30.151515151515152	17.89393939393939	20.196969696969695	31.757575757575758	0.0
58.0	31.439393939393938	18.666666666666668	18.09090909090909	31.803030303030305	0.0
59.0	28.110319745415975	18.85134111228974	20.518260342476133	32.52007879981815	0.0
60.0	29.043504623313627	17.568591784144306	20.009095043201455	33.37880854934061	0.0
61.0	29.969650986342945	18.179059180576633	20.94081942336874	30.91047040971168	0.0
62.0	28.551912568306008	19.004250151791137	21.22040072859745	31.223436551305404	0.0
63.0	31.121906786093824	17.777440412934567	19.659936238044633	31.44071656292698	0.0
64.0	27.497722441542667	18.61524445794109	22.65411478894625	31.232918311569996	0.0
65.0	30.467800729040096	18.25637910085055	20.306804374240585	30.96901579586877	0.0
66.0	28.827460510328066	16.889428918590525	21.658566221142163	32.62454434993924	0.0
67.0	28.91657802765537	18.310287190396597	19.237197994225802	33.53593678772223	0.0
68.0	27.029492246883553	19.1243539069626	20.249315901489815	33.59683794466403	0.0
69.0	27.45515354211006	20.38613560352691	21.784737002128306	30.37397385223472	0.0
70.0	26.820738938725864	21.255891743956212	20.465257716284018	31.458111601033906	0.0
71.0	28.193430656934304	19.510340632603405	19.905717761557177	32.39051094890511	0.0
72.0	28.49323399726319	18.62551315189296	21.286300745020526	31.594952105823324	0.0
73.0	28.456273764258555	18.768060836501903	20.288973384030417	32.48669201520912	0.0
74.0	29.490494296577946	17.490494296577946	22.433460076045627	30.585551330798477	0.0
75.0	30.042592029205963	18.466686948585338	21.35686035898996	30.13386066321874	0.0
76.0	30.442720219078044	18.697702723261827	18.849840255591054	32.00973680206907	0.0
77.0	28.37364977940058	19.975657994827323	18.606420203864293	33.04427202190781	0.0
78.0	28.282367260003046	18.895481515289823	19.8235204624981	32.99863076220903	0.0
79.0	28.81484862315533	20.386429332116233	18.484710178000913	32.31401186672752	0.0
80.0	29.410869234282234	17.521692799512863	20.596742274318768	32.47069569188613	0.0
81.0	26.594611051910487	18.13061348759324	20.414066067894655	34.86070939260161	0.0
82.0	28.760657734470158	18.042021924482338	21.11753958587089	32.079780755176614	0.0
83.0	29.84165651644336	17.84409257003654	21.833130328867234	30.48112058465286	0.0
84.0	27.146772228989036	17.585261875761265	21.14799025578563	34.119975639464066	0.0
85.0	29.237094563727727	16.613369879701537	21.684178468098068	32.46535708847267	0.0
86.0	30.333485609867523	17.892492766864628	20.6334703822141	31.140551241053753	0.0
87.0	32.60240596924014	16.887467641236487	21.927820922795796	28.582305466727576	0.0
88.0	31.871478605146947	18.9584285061672	17.481346124562204	31.68874676412365	0.0
89.0	31.76488503121669	16.522003959189888	18.501598903608954	33.21151210598447	0.0
90.0	29.952794274402315	16.68950814679458	19.90254301812091	33.455154560682196	0.0
91.0	28.8107202680067	18.562509517283388	17.52702908481803	35.09974112989188	0.0
92.0	29.724379473123193	16.826557027562053	18.730013704888076	34.719049794426674	0.0
93.0	31.947616872239987	17.207248363027258	19.262981574539364	31.58215319019339	0.0
94.0	29.74866717440975	17.273419649657274	19.025133282559025	33.95277989337395	0.0
95.0	31.80018275967103	16.813889734998476	19.890344197380443	31.49558330795005	0.0
96.0	29.7029702970297	17.62376237623762	20.31987814166032	32.35338918507235	0.0
97.0	30.62157221206581	18.38817794028032	19.94210847044485	31.04814137720902	0.0
98.0	32.07374676215146	19.198537254304433	18.512875209507847	30.21484077403626	0.0
99.0	30.219445291069796	18.668088997256934	19.932947272173116	31.179518439500153	0.0
100.0	31.861921490759126	15.930960745379563	18.37482816557202	33.83228959828929	0.0
101.0	31.806342883407385	18.400490271181248	19.227822889535776	30.565343955875594	0.0
102.0	31.545789797172713	17.255685310387218	20.436385986478182	30.762138905961894	0.0
103.0	28.83606051250386	19.481321395492436	19.635690027786353	32.04692806421735	0.0
104.0	28.67988844127673	18.67059188100403	19.135419894638982	33.51409978308026	0.0
105.0	29.634241245136188	18.085603112840467	19.75097276264591	32.52918287937743	0.0
106.0	31.521399562636677	19.134645423305216	18.04123711340206	31.302717900656045	0.0
107.0	30.47499608089042	19.172284057062235	18.247374196582538	32.10534566546481	0.0
108.0	33.62150267211569	18.374724929267526	17.07010374096196	30.933668657654827	0.0
109.0	28.422712933753942	18.8801261829653	20.22082018927445	32.47634069400631	0.0
110.0	27.929780167641944	18.725288628815438	19.57931361695398	33.76561758658864	0.0
111.0	30.963339152515474	18.330423742263132	19.28265354705602	31.42358355816537	0.0
112.0	28.19165870741802	18.57688634192932	20.598535498248964	32.63291945240369	0.0
113.0	29.221920434574212	19.15641476274165	17.830324332960537	33.79134046972359	0.0
114.0	30.978696139676437	17.34742912061509	19.52586897325004	32.14800576645843	0.0
115.0	26.37079916385271	20.791123974915582	18.53995819263547	34.29811866859624	0.0
116.0	30.601709953218258	18.00290369414422	18.615905791256655	32.77948056138087	0.0
117.0	30.30744336569579	19.28802588996764	19.19093851132686	31.213592233009706	0.0
118.0	28.698896820246595	17.504866969500323	21.576898118105127	32.21933809214795	0.0
119.0	25.472005208333332	19.889322916666664	23.274739583333336	31.363932291666668	0.0
120.0	27.10509138381201	19.20691906005222	21.230417754569192	32.45757180156658	0.0
121.0	30.11949582583074	18.628253396627926	19.626780160419056	31.625470617122282	0.0
122.0	27.544320420223244	17.89231779382797	20.30531845042679	34.258043335522	0.0
123.0	30.484988452655887	16.49620587264929	19.7789508413065	33.23985483338832	0.0
124.0	31.704488984595	17.442438297167467	19.132019214841808	31.721053503395723	0.0
125.0	28.53812853812854	18.231768231768232	18.03196803196803	35.1981351981352	0.0
126.0	30.42168674698795	18.25635876840696	17.98862115127175	33.33333333333333	0.0
127.0	30.385906040268456	17.667785234899327	21.325503355704697	30.620805369127517	0.0
128.0	29.81125716211662	18.469834850016852	19.750589821368386	31.968318166498143	0.0
129.0	30.07951277279648	18.32177296565725	19.302994417188295	32.295719844357976	0.0
130.0	31.079014443500423	18.453695836873408	17.63806287170773	32.829226847918434	0.0
131.0	29.44889950520389	20.423135983620543	19.63828698174373	30.489677529431837	0.0
132.0	30.10457740442311	17.349562832161837	22.11554945996914	30.43031030344591	0.0
133.0	28.9057123193393	19.150034411562284	20.010323468685478	31.93392980041294	0.0
134.0	28.125	19.578729281767956	19.578729281767956	32.71754143646409	0.0
135.0	28.87043764054662	17.03857464106556	21.605258605777546	32.48572911261027	0.0
136.0	28.1477627471384	17.828650711064864	19.90981616371835	34.11377037807839	0.0
137.0	29.82761622845203	15.566776945847119	19.53682744210343	35.06877938359742	0.0
138.0	28.761139262624496	18.661541149746636	18.5217543246549	34.055565262973964	0.0
139.0	30.14705882352941	18.609943977591037	18.925070028011206	32.31792717086835	0.0
140.0	29.214273158727366	18.948848655299702	20.21444893654421	31.622429249428723	0.0
141.0	30.75291622481442	19.141039236479322	18.451749734888654	31.6542948038176	0.0
142.0	32.984571732576704	17.29029969852811	17.981911686469232	31.743216882425962	0.0
143.0	32.419928825622776	19.73309608540925	19.7864768683274	28.060498220640568	0.0
144.0	29.430719656283564	19.137128535624775	17.561761546723954	33.8703902613677	0.0
145.0	29.1989198919892	19.36993699369937	17.803780378037803	33.627362736273625	0.0
146.0	28.545618789521228	19.241192411924118	17.88617886178862	34.32700993676603	0.0
147.0	29.53349065166092	18.242875294971864	18.279179524414594	33.94445452895262	0.0
148.0	28.482859226841722	17.97957695113056	19.857768052516413	33.67979576951131	0.0
149.0	29.244591125779245	19.435276861019435	18.83021635496883	32.48991565823249	0.0
150.0	27.871870397643594	18.372606774668633	19.237849779086893	34.517673048600884	0.0
151.0	29.983342587451418	19.10049972237646	19.988895058300944	30.927262631871184	0.0
152.0	29.286911189722588	19.195680506423386	17.371066840439397	34.146341463414636	0.0
153.0	30.328022492970945	18.500468603561387	19.587628865979383	31.58388003748828	0.0
154.0	30.94161958568738	17.457627118644066	20.056497175141246	31.544256120527308	0.0
155.0	29.604391444255157	20.40507287526027	17.88756388415673	32.10297179632784	0.0
156.0	31.57894736842105	17.02451073532206	20.273608208246248	31.12293368801064	0.0
157.0	29.957967137944213	19.96560947649981	19.717233473442874	30.359189912113106	0.0
158.0	28.972142170989436	21.402497598463015	18.443804034582133	31.181556195965417	0.0
159.0	32.27237654320987	16.0108024691358	20.582561728395063	31.134259259259263	0.0
160.0	27.24278240651037	19.3567138151521	20.9843053671769	32.41619841116063	0.0
161.0	29.183713228131698	16.92967075784142	21.390999415546464	32.49561659848042	0.0
162.0	31.67774736018772	18.38091513492374	20.492764958936252	29.44857254595229	0.0
163.0	26.730920535011805	18.941778127458694	19.43351691581432	34.89378442171518	0.0
164.0	27.450592885375496	17.82608695652174	19.802371541501977	34.92094861660079	0.0
165.0	29.82734669577297	16.372296090494146	20.30164715221274	33.49871006152014	0.0
166.0	27.330804551806747	19.504891195847474	20.12377720103813	33.04052705130764	0.0
167.0	28.253012048192772	17.10843373493976	22.40963855421687	32.22891566265061	0.0
168.0	28.827920112971555	18.821868065362114	19.164817429897116	33.185394391769215	0.0
169.0	28.049523036330427	18.124619443880658	20.45869697584737	33.36716054394155	0.0
170.0	27.827684769293587	18.211514904042467	18.02776643527971	35.933033891384234	0.0
171.0	29.936436333811773	17.08017223703096	17.79782653270453	35.18556489645274	0.0
172.0	27.589764754436647	19.603796945934793	18.17994222038795	34.62649607924061	0.0
173.0	28.002489110143124	17.278572910184607	20.099564405724955	34.619373573947314	0.0
174.0	31.107865637387853	19.486751512622575	18.422699770498642	30.982683079490926	0.0
175.0	28.9909796517726	17.977763792741765	20.26431718061674	32.76693937486889	0.0
176.0	28.845748048111414	17.788562987972146	18.738130407258915	34.627558556657526	0.0
177.0	27.019557823129254	19.642857142857142	19.982993197278912	33.35459183673469	0.0
178.0	26.752136752136753	19.82905982905983	20.51282051282051	32.9059829059829	0.0
179.0	27.54992484432038	18.44535108438909	21.279793858707322	32.72493021258321	0.0
180.0	30.74098077338518	15.510909483689783	18.92417368762152	34.82393605530352	0.0
181.0	29.221061792863363	18.624891209747606	19.1035683202785	33.050478677110526	0.0
182.0	29.579316389132337	19.171779141104295	19.588080631025417	31.66082383873795	0.0
183.0	30.030959752321984	20.278637770897834	19.438301636444052	30.252100840336134	0.0
184.0	31.588327021608375	20.42771218534195	17.219870795277345	30.76408999777233	0.0
185.0	29.789143113503812	20.48003589053387	19.650067294751008	30.080753701211304	0.0
186.0	29.660633484162897	19.253393665158374	20.452488687782804	30.63348416289593	0.0
187.0	30.569476082004556	21.070615034168565	17.83599088838269	30.52391799544419	0.0
188.0	28.978185993111367	17.91044776119403	19.862227324913892	33.249138920780716	0.0
189.0	28.20157189089228	19.694868238557557	19.810448451225152	32.29311141932501	0.0
190.0	30.91798695246971	17.61416589002796	18.289841565703636	33.178005591798694	0.0
191.0	28.49424477331454	19.19191919191919	18.487197556965	33.82663847780127	0.0
192.0	31.78368121442125	18.761859582542694	18.40607210626186	31.048387096774192	0.0
193.0	31.00812231247014	17.869087434304827	18.776875298614428	32.345914954610606	0.0
194.0	30.211844005777564	18.921521425132404	20.245546461242174	30.621088107847854	0.0
195.0	30.240466358999274	19.89312606266699	19.310177313577846	30.55623026475589	0.0
196.0	29.56159686505021	19.740386970364927	18.88317413666422	31.814842027920648	0.0
197.0	28.719980193117106	20.40108937855905	20.896261450854173	29.98266897746967	0.0
198.0	28.027245206861757	22.55297679112008	18.541876892028256	30.877901109989907	0.0
199.0	29.925452609158683	22.018104366347178	19.089456869009584	28.96698615548456	0.0
200.0	24.267653407338884	19.17977181621955	22.47918593894542	34.07338883749615	0.0
201.0	29.388297872340424	21.05496453900709	19.54787234042553	30.00886524822695	0.0
202.0	31.048387096774192	19.399641577060933	21.50537634408602	28.046594982078854	0.0
203.0	30.30713640469738	17.88617886178862	19.78319783197832	32.023486901535684	0.0
204.0	33.45487693710118	16.955332725615317	22.561531449407475	27.028258887876028	0.0
205.0	26.354453627180902	19.375573921028465	25.94123048668503	28.328741965105603	0.0
206.0	28.769657724329324	21.646623496762256	21.369102682701204	28.21461609620722	0.0
207.0	29.40902745463006	20.381572824569567	18.334108887854818	31.87529083294556	0.0
208.0	27.876520112254443	17.305893358278766	21.234798877455567	33.58278765201123	0.0
209.0	27.029563585171278	18.629751290473955	20.272172688878463	34.0685124354763	0.0
210.0	28.59848484848485	18.607954545454543	20.075757575757574	32.71780303030303	0.0
211.0	28.762541806020064	19.15910176779742	21.0224558050645	31.05590062111801	0.0
212.0	26.602409638554214	16.674698795180724	24.240963855421686	32.48192771084337	0.0
213.0	28.980582524271846	20.04854368932039	18.7378640776699	32.23300970873787	0.0
214.0	30.335968379446644	21.59090909090909	19.960474308300398	28.11264822134387	0.0
215.0	25.994035785288272	19.880715705765407	19.681908548707753	34.44333996023857	0.0
216.0	30.509329299041855	17.851739788199698	22.49117498739284	29.147755925365608	0.0
217.0	24.846938775510203	19.79591836734694	24.591836734693878	30.765306122448983	0.0
218.0	25.607180570221754	20.96092925026399	19.58817317845829	33.843717001055964	0.0
219.0	23.317865429234338	23.37587006960557	23.723897911832946	29.582366589327147	0.0
220.0	12.424503882657463	25.366695427092324	22.001725625539258	40.207075064710956	0.0
